wavelength	counts
247.432	1721.000
248.227	1711.000
249.023	1700.000
249.818	1702.000
250.613	1712.000
251.408	1708.000
252.203	1708.000
252.999	1714.000
253.794	1710.000
254.588	1714.000
255.383	1716.000
256.178	1713.000
256.973	1716.000
257.768	1715.000
258.562	1711.000
259.357	1716.000
260.151	1717.000
260.946	1717.000
261.740	1720.000
262.534	1715.000
263.328	1721.000
264.123	1716.000
264.917	1715.000
265.711	1713.000
266.505	1714.000
267.299	1713.000
268.093	1717.000
268.886	1722.000
269.680	1720.000
270.474	1718.000
271.267	1711.000
272.061	1719.000
272.854	1720.000
273.648	1714.000
274.441	1716.000
275.234	1719.000
276.028	1716.000
276.821	1724.000
277.614	1716.000
278.407	1712.000
279.200	1719.000
279.993	1715.000
280.786	1713.000
281.578	1720.000
282.371	1717.000
283.164	1715.000
283.956	1717.000
284.749	1717.000
285.541	1716.000
286.334	1713.000
287.126	1719.000
287.918	1709.000
288.710	1718.000
289.503	1711.000
290.295	1714.000
291.087	1718.000
291.879	1719.000
292.670	1716.000
293.462	1718.000
294.254	1717.000
295.046	1719.000
295.837	1719.000
296.629	1717.000
297.420	1718.000
298.212	1720.000
299.003	1721.000
299.794	1714.000
300.586	1724.000
301.377	1711.000
302.168	1725.000
302.959	1714.000
303.750	1713.000
304.541	1715.000
305.332	1715.000
306.123	1713.000
306.913	1717.000
307.704	1717.000
308.494	1716.000
309.285	1715.000
310.075	1715.000
310.866	1721.000
311.656	1721.000
312.446	1716.000
313.237	1716.000
314.027	1713.000
314.817	1711.000
315.607	1718.000
316.397	1719.000
317.187	1719.000
317.976	1716.000
318.766	1717.000
319.556	1715.000
320.345	1716.000
321.135	1716.000
321.924	1722.000
322.714	1720.000
323.503	1718.000
324.293	1715.000
325.082	1715.000
325.871	1721.000
326.660	1719.000
327.449	1721.000
328.238	1720.000
329.027	1724.000
329.816	1714.000
330.604	1720.000
331.393	1722.000
332.182	1720.000
332.970	1715.000
333.759	1712.000
334.547	1718.000
335.336	1718.000
336.124	1717.000
336.912	1724.000
337.700	1715.000
338.488	1717.000
339.276	1724.000
340.064	1714.000
340.852	1720.000
341.640	1715.000
342.428	1719.000
343.216	1719.000
344.003	1721.000
344.791	1714.000
345.578	1718.000
346.366	1719.000
347.153	1722.000
347.940	1719.000
348.728	1712.000
349.515	1717.000
350.302	1713.000
351.089	1721.000
351.876	1720.000
352.663	1727.000
353.450	1715.000
354.236	1713.000
355.023	1719.000
355.810	1722.000
356.596	1713.000
357.383	1718.000
358.169	1716.000
358.956	1719.000
359.742	1714.000
360.528	1718.000
361.314	1725.000
362.100	1720.000
362.886	1711.000
363.672	1722.000
364.458	1714.000
365.244	1717.000
366.030	1722.000
366.816	1715.000
367.601	1712.000
368.387	1713.000
369.172	1721.000
369.958	1712.000
370.743	1719.000
371.528	1713.000
372.314	1718.000
373.099	1719.000
373.884	1711.000
374.669	1717.000
375.454	1718.000
376.239	1716.000
377.024	1717.000
377.808	1714.000
378.593	1715.000
379.378	1718.000
380.162	1719.000
380.947	1717.000
381.731	1713.000
382.515	1718.000
383.300	1718.000
384.084	1716.000
384.868	1718.000
385.652	1717.000
386.436	1712.000
387.220	1722.000
388.004	1720.000
388.788	1715.000
389.572	1719.000
390.355	1721.000
391.139	1720.000
391.922	1714.000
392.706	1715.000
393.489	1715.000
394.273	1715.000
395.056	1716.000
395.839	1716.000
396.622	1713.000
397.405	1711.000
398.188	1716.000
398.971	1712.000
399.754	1713.000
400.537	1717.000
401.319	1714.000
402.102	1719.000
402.885	1724.000
403.667	1740.000
404.450	1782.000
405.232	1790.000
406.014	1756.000
406.797	1721.000
407.579	1721.000
408.361	1717.000
409.143	1716.000
409.925	1717.000
410.707	1714.000
411.488	1716.000
412.270	1717.000
413.052	1718.000
413.833	1718.000
414.615	1717.000
415.397	1714.000
416.178	1714.000
416.959	1712.000
417.741	1715.000
418.522	1713.000
419.303	1713.000
420.084	1711.000
420.865	1719.000
421.646	1715.000
422.427	1716.000
423.207	1717.000
423.988	1714.000
424.769	1713.000
425.549	1717.000
426.330	1714.000
427.110	1713.000
427.891	1715.000
428.671	1711.000
429.451	1714.000
430.231	1712.000
431.011	1716.000
431.791	1712.000
432.571	1714.000
433.351	1718.000
434.131	1718.000
434.911	1716.000
435.690	1717.000
436.470	1720.000
437.250	1716.000
438.029	1717.000
438.808	1716.000
439.588	1718.000
440.367	1716.000
441.146	1719.000
441.925	1714.000
442.704	1716.000
443.483	1717.000
444.262	1719.000
445.041	1712.000
445.820	1718.000
446.598	1719.000
447.377	1719.000
448.156	1724.000
448.934	1727.000
449.712	1732.000
450.491	1727.000
451.269	1732.000
452.047	1729.000
452.825	1728.000
453.603	1725.000
454.381	1732.000
455.159	1726.000
455.937	1729.000
456.715	1724.000
457.493	1726.000
458.270	1723.000
459.048	1722.000
459.825	1726.000
460.603	1724.000
461.380	1722.000
462.157	1723.000
462.934	1719.000
463.712	1724.000
464.489	1724.000
465.266	1725.000
466.043	1722.000
466.819	1718.000
467.596	1724.000
468.373	1718.000
469.150	1720.000
469.926	1722.000
470.703	1719.000
471.479	1719.000
472.255	1725.000
473.032	1718.000
473.808	1717.000
474.584	1723.000
475.360	1710.000
476.136	1718.000
476.912	1719.000
477.688	1720.000
478.464	1713.000
479.239	1719.000
480.015	1714.000
480.790	1718.000
481.566	1720.000
482.341	1723.000
483.117	1719.000
483.892	1722.000
484.667	1720.000
485.442	1715.000
486.217	1716.000
486.992	1713.000
487.767	1719.000
488.542	1714.000
489.317	1720.000
490.091	1715.000
490.866	1723.000
491.641	1717.000
492.415	1715.000
493.190	1714.000
493.964	1719.000
494.738	1714.000
495.512	1724.000
496.286	1718.000
497.060	1719.000
497.834	1714.000
498.608	1718.000
499.382	1718.000
500.156	1718.000
500.930	1722.000
501.703	1716.000
502.477	1719.000
503.250	1720.000
504.024	1722.000
504.797	1717.000
505.570	1717.000
506.343	1718.000
507.116	1719.000
507.889	1715.000
508.662	1720.000
509.435	1715.000
510.208	1719.000
510.981	1724.000
511.754	1713.000
512.526	1719.000
513.299	1723.000
514.071	1717.000
514.843	1716.000
515.616	1724.000
516.388	1721.000
517.160	1726.000
517.932	1719.000
518.704	1726.000
519.476	1721.000
520.248	1723.000
521.020	1724.000
521.791	1720.000
522.563	1725.000
523.335	1721.000
524.106	1723.000
524.878	1724.000
525.649	1722.000
526.420	1721.000
527.191	1724.000
527.963	1722.000
528.734	1724.000
529.505	1720.000
530.275	1728.000
531.046	1722.000
531.817	1727.000
532.588	1726.000
533.358	1727.000
534.129	1726.000
534.899	1726.000
535.670	1727.000
536.440	1725.000
537.210	1725.000
537.980	1733.000
538.750	1727.000
539.520	1725.000
540.290	1725.000
541.060	1723.000
541.830	1727.000
542.600	1729.000
543.369	1731.000
544.139	1731.000
544.909	1730.000
545.678	1730.000
546.447	1731.000
547.217	1723.000
547.986	1727.000
548.755	1725.000
549.524	1725.000
550.293	1726.000
551.062	1728.000
551.831	1727.000
552.599	1726.000
553.368	1729.000
554.137	1726.000
554.905	1729.000
555.674	1726.000
556.442	1730.000
557.210	1727.000
557.979	1729.000
558.747	1723.000
559.515	1727.000
560.283	1724.000
561.051	1725.000
561.819	1726.000
562.586	1729.000
563.354	1728.000
564.122	1728.000
564.889	1724.000
565.657	1728.000
566.424	1728.000
567.191	1727.000
567.959	1729.000
568.726	1726.000
569.493	1732.000
570.260	1727.000
571.027	1726.000
571.794	1731.000
572.561	1728.000
573.327	1727.000
574.094	1725.000
574.860	1727.000
575.627	1730.000
576.393	1728.000
577.160	1727.000
577.926	1732.000
578.692	1724.000
579.458	1732.000
580.224	1728.000
580.990	1725.000
581.756	1727.000
582.522	1735.000
583.288	1732.000
584.053	1724.000
584.819	1732.000
585.585	1728.000
586.350	1722.000
587.115	1725.000
587.881	1726.000
588.646	1728.000
589.411	1729.000
590.176	1729.000
590.941	1730.000
591.706	1721.000
592.471	1724.000
593.235	1724.000
594.000	1734.000
594.765	1723.000
595.529	1733.000
596.294	1739.000
597.058	1729.000
597.822	1725.000
598.587	1721.000
599.351	1727.000
600.115	1729.000
600.879	1723.000
601.643	1730.000
602.406	1724.000
603.170	1727.000
603.934	1732.000
604.698	1722.000
605.461	1723.000
606.224	1725.000
606.988	1732.000
607.751	1723.000
608.514	1724.000
609.278	1723.000
610.041	1729.000
610.804	1734.000
611.566	1731.000
612.329	1729.000
613.092	1731.000
613.855	1727.000
614.617	1721.000
615.380	1725.000
616.142	1722.000
616.905	1725.000
617.667	1721.000
618.429	1728.000
619.191	1723.000
619.953	1726.000
620.715	1716.000
621.477	1722.000
622.239	1722.000
623.001	1727.000
623.763	1730.000
624.524	1721.000
625.286	1728.000
626.047	1722.000
626.808	1721.000
627.570	1726.000
628.331	1721.000
629.092	1721.000
629.853	1726.000
630.614	1723.000
631.375	1730.000
632.136	1724.000
632.896	1722.000
633.657	1721.000
634.418	1723.000
635.178	1723.000
635.939	1723.000
636.699	1727.000
637.459	1724.000
638.219	1723.000
638.980	1719.000
639.740	1717.000
640.500	1727.000
641.260	1718.000
642.019	1719.000
642.779	1724.000
643.539	1718.000
644.298	1723.000
645.058	1720.000
645.817	1727.000
646.576	1725.000
647.336	1721.000
648.095	1717.000
648.854	1722.000
649.613	1720.000
650.372	1721.000
651.131	1723.000
651.890	1719.000
652.648	1722.000
653.407	1720.000
654.165	1720.000
654.924	1718.000
655.682	1718.000
656.441	1717.000
657.199	1721.000
657.957	1720.000
658.715	1720.000
659.473	1719.000
660.231	1720.000
660.989	1722.000
661.747	1723.000
662.504	1721.000
663.262	1722.000
664.019	1719.000
664.777	1718.000
665.534	1723.000
666.291	1720.000
667.049	1717.000
667.806	1718.000
668.563	1722.000
669.320	1719.000
670.077	1723.000
670.833	1723.000
671.590	1728.000
672.347	1723.000
673.103	1720.000
673.860	1723.000
674.616	1723.000
675.373	1725.000
676.129	1721.000
676.885	1725.000
677.641	1720.000
678.397	1728.000
679.153	1716.000
679.909	1724.000
680.665	1722.000
681.420	1716.000
682.176	1718.000
682.931	1724.000
683.687	1724.000
684.442	1725.000
685.198	1722.000
685.953	1724.000
686.708	1722.000
687.463	1721.000
688.218	1728.000
688.973	1719.000
689.728	1724.000
690.482	1721.000
691.237	1724.000
691.992	1742.000
692.746	1726.000
693.500	1728.000
694.255	1724.000
695.009	1724.000
695.763	1726.000
696.517	1723.000
697.271	1722.000
698.025	1728.000
698.779	1726.000
699.533	1725.000
700.286	1729.000
701.040	1729.000
701.794	1733.000
702.547	1731.000
703.300	1729.000
704.054	1731.000
704.807	1736.000
705.560	1737.000
706.313	1728.000
707.066	1734.000
707.819	1737.000
708.572	1733.000
709.324	1740.000
710.077	1738.000
710.829	1735.000
711.582	1737.000
712.334	1744.000
713.087	1739.000
713.839	1745.000
714.591	1745.000
715.343	1743.000
716.095	1747.000
716.847	1743.000
717.599	1747.000
718.350	1746.000
719.102	1750.000
719.854	1749.000
720.605	1758.000
721.357	1758.000
722.108	1757.000
722.859	1768.000
723.610	1765.000
724.361	1763.000
725.112	1772.000
725.863	1763.000
726.614	1775.000
727.365	1778.000
728.116	1776.000
728.866	1781.000
729.617	1787.000
730.367	1790.000
731.117	1790.000
731.868	1796.000
732.618	1794.000
733.368	1808.000
734.118	1811.000
734.868	1804.000
735.618	1813.000
736.368	1817.000
737.117	1821.000
737.867	1819.000
738.616	1823.000
739.366	1830.000
740.115	1838.000
740.864	1846.000
741.614	1857.000
742.363	1859.000
743.112	1859.000
743.861	1863.000
744.610	1865.000
745.358	1866.000
746.107	1881.000
746.856	1893.000
747.604	1887.000
748.353	1886.000
749.101	1893.000
749.849	1902.000
750.598	1899.000
751.346	1914.000
752.094	1920.000
752.842	1928.000
753.589	1925.000
754.337	1932.000
755.085	1939.000
755.833	1946.000
756.580	1935.000
757.328	1952.000
758.075	1964.000
758.822	1952.000
759.569	1960.000
760.317	1970.000
761.064	1972.000
761.811	1981.000
762.557	1988.000
763.304	1981.000
764.051	1983.000
764.798	1988.000
765.544	1995.000
766.291	1996.000
767.037	2011.000
767.783	2008.000
768.529	2009.000
769.276	2008.000
770.022	2013.000
770.768	2010.000
771.513	2024.000
772.259	2008.000
773.005	2026.000
773.751	2009.000
774.496	2010.000
775.242	2014.000
775.987	2020.000
776.732	2005.000
777.477	2011.000
778.222	2024.000
778.968	2027.000
779.712	2000.000
780.457	2005.000
781.202	2013.000
781.947	2008.000
782.691	2012.000
783.436	2012.000
784.180	1982.000
784.925	1994.000
785.669	1984.000
786.413	1985.000
787.157	1990.000
787.901	1975.000
788.645	1972.000
789.389	1967.000
790.133	1979.000
790.877	1965.000
791.620	1960.000
792.364	1951.000
793.107	1940.000
793.850	1945.000
794.594	1935.000
795.337	1946.000
796.080	1930.000
796.823	1923.000
797.566	1911.000
798.309	1912.000
799.052	1906.000
799.794	1907.000
800.537	1893.000
801.279	1897.000
802.022	1878.000
802.764	1884.000
803.506	1882.000
804.248	1863.000
804.991	1861.000
805.732	1868.000
806.474	1860.000
807.216	1853.000
807.958	1852.000
808.700	1841.000
809.441	1837.000
810.183	1826.000
810.924	1823.000
811.665	1822.000
812.407	1823.000
813.148	1817.000
813.889	1819.000
814.630	1813.000
815.371	1806.000
816.111	1804.000
816.852	1794.000
817.593	1798.000
818.333	1789.000
819.074	1794.000
819.814	1795.000
820.554	1789.000
821.295	1780.000
822.035	1785.000
822.775	1775.000
823.515	1779.000
824.254	1773.000
824.994	1768.000
825.734	1764.000
826.474	1767.000
827.213	1758.000
827.952	1763.000
828.692	1762.000
829.431	1759.000
830.170	1757.000
830.909	1752.000
831.648	1756.000
832.387	1753.000
833.126	1751.000
833.865	1758.000
834.603	1751.000
835.342	1742.000
836.080	1751.000
836.819	1737.000
837.557	1737.000
838.295	1743.000
839.033	1739.000
839.771	1739.000
840.509	1745.000
841.247	1739.000
841.985	1737.000
842.723	1750.000
843.460	1734.000
844.198	1738.000
844.935	1733.000
845.673	1735.000
846.410	1729.000
847.147	1723.000
847.884	1733.000
848.621	1735.000
849.358	1733.000
850.095	1730.000
850.832	1729.000
851.568	1731.000
852.305	1726.000
853.041	1730.000
853.778	1726.000
854.514	1723.000
855.250	1724.000
855.986	1725.000
856.722	1725.000
857.458	1720.000
858.194	1725.000
858.930	1722.000
859.666	1728.000
860.401	1721.000
861.137	1720.000
861.872	1718.000
862.608	1731.000
863.343	1721.000
864.078	1721.000
864.813	1718.000
865.548	1718.000
866.283	1724.000
867.018	1720.000
867.753	1724.000
868.487	1718.000
869.222	1719.000
869.956	1720.000
870.691	1725.000
871.425	1715.000
872.159	1721.000
872.893	1716.000
873.627	1719.000
874.361	1719.000
875.095	1721.000
875.829	1720.000
876.562	1718.000
877.296	1715.000
878.030	1717.000
878.763	1720.000
879.496	1717.000
880.229	1725.000
880.963	1721.000
881.696	1721.000
882.429	1720.000
883.162	1722.000
883.894	1720.000
884.627	1724.000
885.360	1711.000
886.092	1718.000
886.825	1715.000
887.557	1720.000
888.289	1717.000
889.021	1723.000
889.753	1721.000
890.485	1715.000
891.217	1715.000
891.949	1716.000
892.681	1715.000
893.413	1721.000
894.144	1716.000
894.876	1718.000
895.607	1719.000
896.338	1717.000
897.069	1715.000
897.801	1747.000
898.532	1722.000
899.262	1712.000
899.993	1714.000
900.724	1712.000
901.455	1717.000
902.185	1720.000
902.916	1722.000
903.646	1717.000
904.376	1717.000
905.107	1718.000
905.837	1721.000
906.567	1719.000
907.297	1715.000
908.027	1720.000
908.756	1715.000
909.486	1717.000
910.216	1715.000
910.945	1722.000
911.675	1716.000
912.404	1719.000
913.133	1714.000
913.862	1721.000
914.591	1717.000
915.320	1715.000
916.049	1716.000
916.778	1711.000
917.507	1717.000
918.235	1713.000
918.964	1718.000
919.692	1711.000
920.420	1720.000
921.149	1716.000
921.877	1716.000
922.605	1714.000
923.333	1717.000
924.061	1717.000
924.789	1716.000
925.516	1717.000
926.244	1711.000
926.971	1717.000
927.699	1718.000
928.426	1718.000
929.153	1716.000
929.881	1714.000
930.608	1717.000
931.335	1717.000
932.062	1717.000
932.788	1713.000
933.515	1713.000
934.242	1714.000
934.968	1722.000
935.695	1714.000
936.421	1719.000
937.147	1716.000
937.873	1716.000
938.599	1715.000
939.325	1718.000
940.051	1718.000
940.777	1713.000
941.503	1714.000
942.228	1719.000
942.954	1714.000
943.679	1716.000
944.405	1717.000
945.130	1715.000
945.855	1717.000
946.580	1717.000
947.305	1715.000
948.030	1719.000
948.755	1716.000
949.480	1713.000
950.204	1713.000
950.929	1718.000
951.653	1711.000
952.378	1714.000
953.102	1712.000
953.826	1718.000
954.550	1714.000
955.274	1717.000
955.998	1714.000
956.722	1715.000
957.445	1723.000
958.169	1716.000
958.892	1716.000
959.616	1718.000
960.339	1720.000
961.062	1718.000
961.786	1731.000
962.509	1721.000
963.232	1713.000
963.955	1715.000
964.677	1712.000
965.400	1718.000
966.123	1721.000
966.845	1721.000
967.568	1715.000
968.290	1718.000
969.012	1720.000
969.734	1722.000
970.456	1721.000
971.178	1722.000
971.900	1716.000
972.622	1715.000
973.344	1726.000
974.065	1730.000
974.787	1714.000
975.508	1717.000
976.229	1721.000
976.951	1712.000
977.672	1720.000
978.393	1715.000
979.114	1717.000
979.834	1719.000
980.555	1721.000
981.276	1717.000
981.996	1719.000
982.717	1712.000
983.437	1716.000
984.158	1720.000
984.878	1721.000
985.598	1713.000
986.318	1717.000
987.038	1721.000
987.758	1721.000
988.477	1718.000
989.197	1718.000
989.917	1723.000
990.636	1716.000
991.355	1722.000
992.075	1716.000
992.794	1721.000
993.513	1716.000
994.232	1715.000
994.951	1715.000
995.670	1714.000
996.388	1721.000
997.107	1715.000
997.826	1719.000
998.544	1717.000
999.262	1723.000
999.980	1713.000
1000.699	1721.000
1001.417	1713.000
1002.135	1718.000
1002.853	1720.000
1003.570	1720.000
1004.288	1718.000
1005.006	1720.000
1005.723	1716.000
1006.440	1716.000
1007.158	1715.000
1007.875	1717.000
1008.592	1723.000
1009.309	1715.000
1010.026	1719.000
1010.743	1712.000
1011.460	1715.000
1012.176	1716.000
1012.893	1726.000
1013.609	1720.000
1014.326	1720.000
1015.042	1714.000
1015.758	1718.000
1016.474	1717.000
1017.190	1714.000
1017.906	1724.000
1018.622	1723.000
1019.338	1715.000
1020.053	1719.000
1020.769	1716.000
1021.484	1719.000
1022.200	1722.000
1022.915	1718.000
1023.630	1718.000
1024.345	1717.000
1025.060	1720.000
1025.775	1713.000
1026.490	1722.000
1027.204	1721.000
1027.919	1716.000
1028.633	1718.000
1029.348	1717.000
1030.062	1717.000
1030.776	1712.000
1031.490	1716.000
1032.204	1717.000
1032.918	1714.000
1033.632	1710.000
1034.346	1711.000
1035.059	1701.000
1035.773	1701.000
1036.486	1698.000
1037.200	1703.000
