wavelength	counts
247.432	1723.000
248.227	1712.000
249.023	1703.000
249.818	1699.000
250.613	1708.000
251.408	1707.000
252.203	1709.000
252.999	1708.000
253.794	1713.000
254.588	1711.000
255.383	1711.000
256.178	1714.000
256.973	1719.000
257.768	1717.000
258.562	1712.000
259.357	1715.000
260.151	1713.000
260.946	1717.000
261.740	1715.000
262.534	1715.000
263.328	1714.000
264.123	1715.000
264.917	1715.000
265.711	1712.000
266.505	1713.000
267.299	1714.000
268.093	1712.000
268.886	1718.000
269.680	1715.000
270.474	1719.000
271.267	1711.000
272.061	1720.000
272.854	1718.000
273.648	1715.000
274.441	1714.000
275.234	1716.000
276.028	1717.000
276.821	1723.000
277.614	1715.000
278.407	1720.000
279.200	1720.000
279.993	1718.000
280.786	1716.000
281.578	1710.000
282.371	1719.000
283.164	1715.000
283.956	1712.000
284.749	1720.000
285.541	1719.000
286.334	1719.000
287.126	1713.000
287.918	1720.000
288.710	1714.000
289.503	1714.000
290.295	1715.000
291.087	1716.000
291.879	1718.000
292.670	1718.000
293.462	1718.000
294.254	1717.000
295.046	1713.000
295.837	1720.000
296.629	1717.000
297.420	1720.000
298.212	1711.000
299.003	1720.000
299.794	1713.000
300.586	1720.000
301.377	1717.000
302.168	1722.000
302.959	1722.000
303.750	1713.000
304.541	1715.000
305.332	1712.000
306.123	1715.000
306.913	1713.000
307.704	1717.000
308.494	1714.000
309.285	1714.000
310.075	1720.000
310.866	1722.000
311.656	1716.000
312.446	1717.000
313.237	1716.000
314.027	1715.000
314.817	1718.000
315.607	1714.000
316.397	1717.000
317.187	1717.000
317.976	1718.000
318.766	1720.000
319.556	1718.000
320.345	1718.000
321.135	1716.000
321.924	1714.000
322.714	1720.000
323.503	1720.000
324.293	1712.000
325.082	1716.000
325.871	1724.000
326.660	1714.000
327.449	1718.000
328.238	1719.000
329.027	1723.000
329.816	1715.000
330.604	1718.000
331.393	1714.000
332.182	1715.000
332.970	1720.000
333.759	1716.000
334.547	1721.000
335.336	1716.000
336.124	1712.000
336.912	1716.000
337.700	1719.000
338.488	1717.000
339.276	1719.000
340.064	1713.000
340.852	1721.000
341.640	1720.000
342.428	1711.000
343.216	1719.000
344.003	1717.000
344.791	1720.000
345.578	1713.000
346.366	1722.000
347.153	1715.000
347.940	1719.000
348.728	1714.000
349.515	1720.000
350.302	1717.000
351.089	1722.000
351.876	1719.000
352.663	1718.000
353.450	1712.000
354.236	1715.000
355.023	1715.000
355.810	1717.000
356.596	1723.000
357.383	1717.000
358.169	1716.000
358.956	1716.000
359.742	1718.000
360.528	1718.000
361.314	1717.000
362.100	1717.000
362.886	1714.000
363.672	1721.000
364.458	1712.000
365.244	1719.000
366.030	1716.000
366.816	1716.000
367.601	1711.000
368.387	1715.000
369.172	1715.000
369.958	1714.000
370.743	1717.000
371.528	1716.000
372.314	1713.000
373.099	1718.000
373.884	1716.000
374.669	1716.000
375.454	1718.000
376.239	1717.000
377.024	1714.000
377.808	1719.000
378.593	1715.000
379.378	1722.000
380.162	1718.000
380.947	1713.000
381.731	1717.000
382.515	1715.000
383.300	1710.000
384.084	1717.000
384.868	1721.000
385.652	1718.000
386.436	1714.000
387.220	1719.000
388.004	1717.000
388.788	1718.000
389.572	1721.000
390.355	1716.000
391.139	1715.000
391.922	1711.000
392.706	1718.000
393.489	1717.000
394.273	1711.000
395.056	1717.000
395.839	1719.000
396.622	1718.000
397.405	1713.000
398.188	1717.000
398.971	1715.000
399.754	1721.000
400.537	1715.000
401.319	1716.000
402.102	1717.000
402.885	1723.000
403.667	1742.000
404.450	1778.000
405.232	1789.000
406.014	1752.000
406.797	1725.000
407.579	1715.000
408.361	1719.000
409.143	1713.000
409.925	1718.000
410.707	1713.000
411.488	1716.000
412.270	1712.000
413.052	1715.000
413.833	1712.000
414.615	1717.000
415.397	1714.000
416.178	1711.000
416.959	1715.000
417.741	1717.000
418.522	1718.000
419.303	1713.000
420.084	1715.000
420.865	1721.000
421.646	1715.000
422.427	1714.000
423.207	1714.000
423.988	1716.000
424.769	1713.000
425.549	1714.000
426.330	1713.000
427.110	1712.000
427.891	1716.000
428.671	1713.000
429.451	1712.000
430.231	1715.000
431.011	1717.000
431.791	1721.000
432.571	1717.000
433.351	1716.000
434.131	1715.000
434.911	1716.000
435.690	1710.000
436.470	1718.000
437.250	1719.000
438.029	1713.000
438.808	1716.000
439.588	1717.000
440.367	1716.000
441.146	1714.000
441.925	1719.000
442.704	1724.000
443.483	1714.000
444.262	1718.000
445.041	1718.000
445.820	1713.000
446.598	1717.000
447.377	1718.000
448.156	1720.000
448.934	1727.000
449.712	1730.000
450.491	1724.000
451.269	1727.000
452.047	1727.000
452.825	1728.000
453.603	1729.000
454.381	1729.000
455.159	1726.000
455.937	1730.000
456.715	1727.000
457.493	1724.000
458.270	1725.000
459.048	1722.000
459.825	1727.000
460.603	1718.000
461.380	1722.000
462.157	1723.000
462.934	1730.000
463.712	1721.000
464.489	1725.000
465.266	1728.000
466.043	1719.000
466.819	1721.000
467.596	1725.000
468.373	1721.000
469.150	1716.000
469.926	1720.000
470.703	1714.000
471.479	1719.000
472.255	1719.000
473.032	1720.000
473.808	1720.000
474.584	1719.000
475.360	1712.000
476.136	1718.000
476.912	1722.000
477.688	1724.000
478.464	1718.000
479.239	1715.000
480.015	1719.000
480.790	1716.000
481.566	1720.000
482.341	1717.000
483.117	1718.000
483.892	1717.000
484.667	1722.000
485.442	1711.000
486.217	1719.000
486.992	1716.000
487.767	1725.000
488.542	1717.000
489.317	1718.000
490.091	1719.000
490.866	1721.000
491.641	1718.000
492.415	1719.000
493.190	1720.000
493.964	1717.000
494.738	1718.000
495.512	1718.000
496.286	1718.000
497.060	1717.000
497.834	1723.000
498.608	1716.000
499.382	1719.000
500.156	1719.000
500.930	1719.000
501.703	1715.000
502.477	1718.000
503.250	1720.000
504.024	1720.000
504.797	1725.000
505.570	1724.000
506.343	1722.000
507.116	1719.000
507.889	1721.000
508.662	1716.000
509.435	1721.000
510.208	1719.000
510.981	1724.000
511.754	1716.000
512.526	1713.000
513.299	1720.000
514.071	1717.000
514.843	1721.000
515.616	1725.000
516.388	1723.000
517.160	1721.000
517.932	1724.000
518.704	1722.000
519.476	1723.000
520.248	1723.000
521.020	1725.000
521.791	1720.000
522.563	1727.000
523.335	1724.000
524.106	1722.000
524.878	1721.000
525.649	1722.000
526.420	1724.000
527.191	1719.000
527.963	1723.000
528.734	1723.000
529.505	1725.000
530.275	1726.000
531.046	1726.000
531.817	1724.000
532.588	1723.000
533.358	1728.000
534.129	1726.000
534.899	1721.000
535.670	1724.000
536.440	1722.000
537.210	1728.000
537.980	1725.000
538.750	1732.000
539.520	1727.000
540.290	1728.000
541.060	1727.000
541.830	1730.000
542.600	1725.000
543.369	1727.000
544.139	1728.000
544.909	1725.000
545.678	1726.000
546.447	1727.000
547.217	1732.000
547.986	1724.000
548.755	1732.000
549.524	1725.000
550.293	1731.000
551.062	1726.000
551.831	1725.000
552.599	1728.000
553.368	1726.000
554.137	1729.000
554.905	1726.000
555.674	1728.000
556.442	1726.000
557.210	1727.000
557.979	1727.000
558.747	1722.000
559.515	1731.000
560.283	1728.000
561.051	1727.000
561.819	1722.000
562.586	1731.000
563.354	1725.000
564.122	1727.000
564.889	1733.000
565.657	1732.000
566.424	1725.000
567.191	1730.000
567.959	1724.000
568.726	1720.000
569.493	1725.000
570.260	1730.000
571.027	1725.000
571.794	1733.000
572.561	1725.000
573.327	1728.000
574.094	1723.000
574.860	1727.000
575.627	1730.000
576.393	1730.000
577.160	1727.000
577.926	1742.000
578.692	1735.000
579.458	1732.000
580.224	1722.000
580.990	1725.000
581.756	1732.000
582.522	1725.000
583.288	1739.000
584.053	1722.000
584.819	1731.000
585.585	1727.000
586.350	1730.000
587.115	1725.000
587.881	1727.000
588.646	1724.000
589.411	1731.000
590.176	1733.000
590.941	1725.000
591.706	1724.000
592.471	1725.000
593.235	1727.000
594.000	1730.000
594.765	1729.000
595.529	1722.000
596.294	1741.000
597.058	1723.000
597.822	1726.000
598.587	1730.000
599.351	1732.000
600.115	1728.000
600.879	1726.000
601.643	1726.000
602.406	1728.000
603.170	1723.000
603.934	1727.000
604.698	1729.000
605.461	1722.000
606.224	1724.000
606.988	1725.000
607.751	1719.000
608.514	1726.000
609.278	1727.000
610.041	1724.000
610.804	1733.000
611.566	1735.000
612.329	1733.000
613.092	1727.000
613.855	1723.000
614.617	1727.000
615.380	1728.000
616.142	1720.000
616.905	1725.000
617.667	1724.000
618.429	1723.000
619.191	1726.000
619.953	1721.000
620.715	1727.000
621.477	1722.000
622.239	1722.000
623.001	1725.000
623.763	1729.000
624.524	1731.000
625.286	1727.000
626.047	1720.000
626.808	1719.000
627.570	1724.000
628.331	1723.000
629.092	1724.000
629.853	1719.000
630.614	1722.000
631.375	1724.000
632.136	1724.000
632.896	1718.000
633.657	1719.000
634.418	1725.000
635.178	1720.000
635.939	1719.000
636.699	1719.000
637.459	1724.000
638.219	1722.000
638.980	1721.000
639.740	1722.000
640.500	1724.000
641.260	1725.000
642.019	1724.000
642.779	1718.000
643.539	1725.000
644.298	1722.000
645.058	1717.000
645.817	1720.000
646.576	1728.000
647.336	1719.000
648.095	1723.000
648.854	1722.000
649.613	1723.000
650.372	1722.000
651.131	1720.000
651.890	1719.000
652.648	1716.000
653.407	1721.000
654.165	1720.000
654.924	1721.000
655.682	1720.000
656.441	1723.000
657.199	1721.000
657.957	1726.000
658.715	1716.000
659.473	1716.000
660.231	1724.000
660.989	1719.000
661.747	1721.000
662.504	1726.000
663.262	1725.000
664.019	1721.000
664.777	1718.000
665.534	1724.000
666.291	1719.000
667.049	1715.000
667.806	1720.000
668.563	1725.000
669.320	1715.000
670.077	1721.000
670.833	1720.000
671.590	1724.000
672.347	1724.000
673.103	1721.000
673.860	1722.000
674.616	1723.000
675.373	1725.000
676.129	1725.000
676.885	1730.000
677.641	1721.000
678.397	1726.000
679.153	1723.000
679.909	1719.000
680.665	1717.000
681.420	1719.000
682.176	1722.000
682.931	1720.000
683.687	1726.000
684.442	1722.000
685.198	1721.000
685.953	1717.000
686.708	1727.000
687.463	1724.000
688.218	1723.000
688.973	1725.000
689.728	1721.000
690.482	1723.000
691.237	1727.000
691.992	1738.000
692.746	1721.000
693.500	1729.000
694.255	1725.000
695.009	1727.000
695.763	1729.000
696.517	1733.000
697.271	1729.000
698.025	1730.000
698.779	1728.000
699.533	1731.000
700.286	1732.000
701.040	1730.000
701.794	1730.000
702.547	1732.000
703.300	1741.000
704.054	1739.000
704.807	1747.000
705.560	1732.000
706.313	1745.000
707.066	1744.000
707.819	1750.000
708.572	1742.000
709.324	1742.000
710.077	1744.000
710.829	1747.000
711.582	1752.000
712.334	1756.000
713.087	1746.000
713.839	1747.000
714.591	1759.000
715.343	1748.000
716.095	1766.000
716.847	1754.000
717.599	1762.000
718.350	1758.000
719.102	1766.000
719.854	1764.000
720.605	1771.000
721.357	1776.000
722.108	1778.000
722.859	1783.000
723.610	1786.000
724.361	1786.000
725.112	1781.000
725.863	1793.000
726.614	1788.000
727.365	1792.000
728.116	1799.000
728.866	1808.000
729.617	1818.000
730.367	1814.000
731.117	1817.000
731.868	1830.000
732.618	1817.000
733.368	1831.000
734.118	1835.000
734.868	1839.000
735.618	1846.000
736.368	1848.000
737.117	1865.000
737.867	1860.000
738.616	1870.000
739.366	1876.000
740.115	1887.000
740.864	1887.000
741.614	1914.000
742.363	1916.000
743.112	1910.000
743.861	1911.000
744.610	1928.000
745.358	1921.000
746.107	1950.000
746.856	1935.000
747.604	1963.000
748.353	1962.000
749.101	1982.000
749.849	1988.000
750.598	1988.000
751.346	1981.000
752.094	1991.000
752.842	2006.000
753.589	2004.000
754.337	2017.000
755.085	2014.000
755.833	2036.000
756.580	2035.000
757.328	2038.000
758.075	2057.000
758.822	2058.000
759.569	2049.000
760.317	2061.000
761.064	2071.000
761.811	2090.000
762.557	2080.000
763.304	2065.000
764.051	2084.000
764.798	2092.000
765.544	2103.000
766.291	2108.000
767.037	2102.000
767.783	2113.000
768.529	2122.000
769.276	2116.000
770.022	2109.000
770.768	2129.000
771.513	2119.000
772.259	2127.000
773.005	2117.000
773.751	2115.000
774.496	2121.000
775.242	2131.000
775.987	2119.000
776.732	2130.000
777.477	2110.000
778.222	2125.000
778.968	2118.000
779.712	2111.000
780.457	2114.000
781.202	2108.000
781.947	2121.000
782.691	2109.000
783.436	2101.000
784.180	2101.000
784.925	2085.000
785.669	2100.000
786.413	2083.000
787.157	2078.000
787.901	2080.000
788.645	2070.000
789.389	2053.000
790.133	2058.000
790.877	2046.000
791.620	2040.000
792.364	2035.000
793.107	2027.000
793.850	2013.000
794.594	2014.000
795.337	2017.000
796.080	2012.000
796.823	1990.000
797.566	1986.000
798.309	1989.000
799.052	1983.000
799.794	1977.000
800.537	1963.000
801.279	1959.000
802.022	1948.000
802.764	1937.000
803.506	1927.000
804.248	1914.000
804.991	1924.000
805.732	1914.000
806.474	1902.000
807.216	1895.000
807.958	1891.000
808.700	1886.000
809.441	1881.000
810.183	1870.000
810.924	1870.000
811.665	1873.000
812.407	1860.000
813.148	1859.000
813.889	1848.000
814.630	1841.000
815.371	1843.000
816.111	1822.000
816.852	1828.000
817.593	1838.000
818.333	1817.000
819.074	1819.000
819.814	1817.000
820.554	1813.000
821.295	1803.000
822.035	1798.000
822.775	1806.000
823.515	1788.000
824.254	1788.000
824.994	1792.000
825.734	1798.000
826.474	1778.000
827.213	1783.000
827.952	1773.000
828.692	1782.000
829.431	1763.000
830.170	1768.000
830.909	1768.000
831.648	1773.000
832.387	1775.000
833.126	1760.000
833.865	1765.000
834.603	1763.000
835.342	1758.000
836.080	1753.000
836.819	1755.000
837.557	1752.000
838.295	1755.000
839.033	1743.000
839.771	1754.000
840.509	1740.000
841.247	1747.000
841.985	1745.000
842.723	1755.000
843.460	1744.000
844.198	1750.000
844.935	1739.000
845.673	1742.000
846.410	1739.000
847.147	1737.000
847.884	1735.000
848.621	1734.000
849.358	1737.000
850.095	1731.000
850.832	1738.000
851.568	1732.000
852.305	1735.000
853.041	1734.000
853.778	1729.000
854.514	1725.000
855.250	1728.000
855.986	1730.000
856.722	1730.000
857.458	1731.000
858.194	1729.000
858.930	1735.000
859.666	1724.000
860.401	1728.000
861.137	1725.000
861.872	1721.000
862.608	1723.000
863.343	1724.000
864.078	1720.000
864.813	1723.000
865.548	1721.000
866.283	1721.000
867.018	1722.000
867.753	1717.000
868.487	1723.000
869.222	1723.000
869.956	1724.000
870.691	1727.000
871.425	1726.000
872.159	1718.000
872.893	1732.000
873.627	1726.000
874.361	1718.000
875.095	1722.000
875.829	1722.000
876.562	1717.000
877.296	1721.000
878.030	1720.000
878.763	1722.000
879.496	1717.000
880.229	1724.000
880.963	1715.000
881.696	1712.000
882.429	1723.000
883.162	1722.000
883.894	1726.000
884.627	1723.000
885.360	1717.000
886.092	1715.000
886.825	1721.000
887.557	1719.000
888.289	1719.000
889.021	1724.000
889.753	1720.000
890.485	1719.000
891.217	1722.000
891.949	1715.000
892.681	1720.000
893.413	1716.000
894.144	1714.000
894.876	1719.000
895.607	1717.000
896.338	1721.000
897.069	1719.000
897.801	1749.000
898.532	1717.000
899.262	1716.000
899.993	1716.000
900.724	1717.000
901.455	1715.000
902.185	1720.000
902.916	1716.000
903.646	1719.000
904.376	1721.000
905.107	1714.000
905.837	1714.000
906.567	1721.000
907.297	1716.000
908.027	1716.000
908.756	1720.000
909.486	1713.000
910.216	1717.000
910.945	1716.000
911.675	1719.000
912.404	1716.000
913.133	1712.000
913.862	1717.000
914.591	1720.000
915.320	1721.000
916.049	1717.000
916.778	1717.000
917.507	1715.000
918.235	1718.000
918.964	1711.000
919.692	1720.000
920.420	1722.000
921.149	1716.000
921.877	1711.000
922.605	1717.000
923.333	1716.000
924.061	1715.000
924.789	1719.000
925.516	1714.000
926.244	1713.000
926.971	1715.000
927.699	1716.000
928.426	1718.000
929.153	1716.000
929.881	1718.000
930.608	1720.000
931.335	1715.000
932.062	1717.000
932.788	1716.000
933.515	1718.000
934.242	1715.000
934.968	1722.000
935.695	1717.000
936.421	1716.000
937.147	1716.000
937.873	1716.000
938.599	1715.000
939.325	1715.000
940.051	1721.000
940.777	1716.000
941.503	1720.000
942.228	1715.000
942.954	1721.000
943.679	1717.000
944.405	1720.000
945.130	1717.000
945.855	1719.000
946.580	1718.000
947.305	1720.000
948.030	1715.000
948.755	1720.000
949.480	1718.000
950.204	1716.000
950.929	1716.000
951.653	1712.000
952.378	1717.000
953.102	1721.000
953.826	1719.000
954.550	1712.000
955.274	1715.000
955.998	1717.000
956.722	1717.000
957.445	1717.000
958.169	1716.000
958.892	1713.000
959.616	1719.000
960.339	1717.000
961.062	1719.000
961.786	1729.000
962.509	1719.000
963.232	1715.000
963.955	1722.000
964.677	1720.000
965.400	1716.000
966.123	1718.000
966.845	1719.000
967.568	1720.000
968.290	1717.000
969.012	1717.000
969.734	1717.000
970.456	1716.000
971.178	1715.000
971.900	1715.000
972.622	1715.000
973.344	1729.000
974.065	1733.000
974.787	1717.000
975.508	1719.000
976.229	1720.000
976.951	1719.000
977.672	1716.000
978.393	1718.000
979.114	1719.000
979.834	1722.000
980.555	1721.000
981.276	1718.000
981.996	1715.000
982.717	1717.000
983.437	1719.000
984.158	1719.000
984.878	1721.000
985.598	1717.000
986.318	1720.000
987.038	1718.000
987.758	1719.000
988.477	1716.000
989.197	1719.000
989.917	1722.000
990.636	1712.000
991.355	1717.000
992.075	1712.000
992.794	1712.000
993.513	1725.000
994.232	1718.000
994.951	1718.000
995.670	1718.000
996.388	1721.000
997.107	1719.000
997.826	1717.000
998.544	1717.000
999.262	1715.000
999.980	1712.000
1000.699	1719.000
1001.417	1716.000
1002.135	1715.000
1002.853	1723.000
1003.570	1722.000
1004.288	1718.000
1005.006	1719.000
1005.723	1719.000
1006.440	1717.000
1007.158	1717.000
1007.875	1714.000
1008.592	1718.000
1009.309	1713.000
1010.026	1719.000
1010.743	1724.000
1011.460	1715.000
1012.176	1719.000
1012.893	1721.000
1013.609	1718.000
1014.326	1717.000
1015.042	1720.000
1015.758	1720.000
1016.474	1723.000
1017.190	1711.000
1017.906	1720.000
1018.622	1718.000
1019.338	1715.000
1020.053	1721.000
1020.769	1720.000
1021.484	1717.000
1022.200	1717.000
1022.915	1721.000
1023.630	1720.000
1024.345	1717.000
1025.060	1717.000
1025.775	1718.000
1026.490	1713.000
1027.204	1719.000
1027.919	1719.000
1028.633	1716.000
1029.348	1718.000
1030.062	1715.000
1030.776	1711.000
1031.490	1714.000
1032.204	1714.000
1032.918	1710.000
1033.632	1713.000
1034.346	1713.000
1035.059	1701.000
1035.773	1698.000
1036.486	1702.000
1037.200	1702.000
