wavelength	counts
247.432	1719.000
248.227	1704.000
249.023	1704.000
249.818	1706.000
250.613	1704.000
251.408	1704.000
252.203	1711.000
252.999	1711.000
253.794	1711.000
254.588	1712.000
255.383	1712.000
256.178	1712.000
256.973	1716.000
257.768	1711.000
258.562	1713.000
259.357	1711.000
260.151	1713.000
260.946	1713.000
261.740	1716.000
262.534	1717.000
263.328	1712.000
264.123	1714.000
264.917	1714.000
265.711	1712.000
266.505	1713.000
267.299	1713.000
268.093	1715.000
268.886	1716.000
269.680	1717.000
270.474	1714.000
271.267	1719.000
272.061	1719.000
272.854	1716.000
273.648	1719.000
274.441	1715.000
275.234	1719.000
276.028	1714.000
276.821	1719.000
277.614	1716.000
278.407	1723.000
279.200	1718.000
279.993	1720.000
280.786	1718.000
281.578	1718.000
282.371	1715.000
283.164	1712.000
283.956	1718.000
284.749	1712.000
285.541	1715.000
286.334	1720.000
287.126	1720.000
287.918	1711.000
288.710	1719.000
289.503	1717.000
290.295	1716.000
291.087	1713.000
291.879	1722.000
292.670	1712.000
293.462	1713.000
294.254	1712.000
295.046	1719.000
295.837	1720.000
296.629	1717.000
297.420	1722.000
298.212	1717.000
299.003	1718.000
299.794	1711.000
300.586	1721.000
301.377	1708.000
302.168	1722.000
302.959	1717.000
303.750	1717.000
304.541	1717.000
305.332	1717.000
306.123	1717.000
306.913	1716.000
307.704	1717.000
308.494	1719.000
309.285	1715.000
310.075	1719.000
310.866	1724.000
311.656	1718.000
312.446	1718.000
313.237	1711.000
314.027	1717.000
314.817	1715.000
315.607	1717.000
316.397	1714.000
317.187	1722.000
317.976	1718.000
318.766	1716.000
319.556	1717.000
320.345	1718.000
321.135	1715.000
321.924	1720.000
322.714	1715.000
323.503	1717.000
324.293	1715.000
325.082	1712.000
325.871	1720.000
326.660	1718.000
327.449	1722.000
328.238	1721.000
329.027	1725.000
329.816	1713.000
330.604	1717.000
331.393	1716.000
332.182	1716.000
332.970	1714.000
333.759	1720.000
334.547	1720.000
335.336	1714.000
336.124	1710.000
336.912	1717.000
337.700	1720.000
338.488	1717.000
339.276	1716.000
340.064	1716.000
340.852	1721.000
341.640	1715.000
342.428	1721.000
343.216	1722.000
344.003	1721.000
344.791	1713.000
345.578	1722.000
346.366	1719.000
347.153	1721.000
347.940	1718.000
348.728	1718.000
349.515	1718.000
350.302	1712.000
351.089	1718.000
351.876	1720.000
352.663	1719.000
353.450	1707.000
354.236	1714.000
355.023	1720.000
355.810	1715.000
356.596	1719.000
357.383	1716.000
358.169	1720.000
358.956	1721.000
359.742	1713.000
360.528	1716.000
361.314	1715.000
362.100	1718.000
362.886	1712.000
363.672	1721.000
364.458	1715.000
365.244	1714.000
366.030	1720.000
366.816	1714.000
367.601	1715.000
368.387	1715.000
369.172	1712.000
369.958	1712.000
370.743	1719.000
371.528	1718.000
372.314	1712.000
373.099	1718.000
373.884	1714.000
374.669	1714.000
375.454	1710.000
376.239	1716.000
377.024	1717.000
377.808	1717.000
378.593	1714.000
379.378	1717.000
380.162	1716.000
380.947	1713.000
381.731	1712.000
382.515	1711.000
383.300	1713.000
384.084	1711.000
384.868	1714.000
385.652	1716.000
386.436	1713.000
387.220	1719.000
388.004	1719.000
388.788	1715.000
389.572	1718.000
390.355	1713.000
391.139	1716.000
391.922	1709.000
392.706	1719.000
393.489	1713.000
394.273	1719.000
395.056	1713.000
395.839	1718.000
396.622	1712.000
397.405	1716.000
398.188	1716.000
398.971	1711.000
399.754	1716.000
400.537	1717.000
401.319	1714.000
402.102	1712.000
402.885	1714.000
403.667	1721.000
404.450	1735.000
405.232	1725.000
406.014	1724.000
406.797	1717.000
407.579	1716.000
408.361	1716.000
409.143	1718.000
409.925	1717.000
410.707	1714.000
411.488	1717.000
412.270	1713.000
413.052	1715.000
413.833	1709.000
414.615	1717.000
415.397	1711.000
416.178	1718.000
416.959	1717.000
417.741	1715.000
418.522	1716.000
419.303	1711.000
420.084	1714.000
420.865	1718.000
421.646	1714.000
422.427	1712.000
423.207	1714.000
423.988	1714.000
424.769	1713.000
425.549	1712.000
426.330	1715.000
427.110	1711.000
427.891	1712.000
428.671	1718.000
429.451	1720.000
430.231	1712.000
431.011	1717.000
431.791	1717.000
432.571	1719.000
433.351	1716.000
434.131	1719.000
434.911	1715.000
435.690	1716.000
436.470	1714.000
437.250	1720.000
438.029	1719.000
438.808	1716.000
439.588	1719.000
440.367	1715.000
441.146	1722.000
441.925	1718.000
442.704	1721.000
443.483	1712.000
444.262	1719.000
445.041	1709.000
445.820	1713.000
446.598	1717.000
447.377	1716.000
448.156	1724.000
448.934	1724.000
449.712	1726.000
450.491	1729.000
451.269	1728.000
452.047	1731.000
452.825	1726.000
453.603	1732.000
454.381	1733.000
455.159	1726.000
455.937	1735.000
456.715	1726.000
457.493	1728.000
458.270	1724.000
459.048	1724.000
459.825	1725.000
460.603	1723.000
461.380	1726.000
462.157	1724.000
462.934	1728.000
463.712	1727.000
464.489	1724.000
465.266	1724.000
466.043	1721.000
466.819	1717.000
467.596	1728.000
468.373	1719.000
469.150	1717.000
469.926	1719.000
470.703	1723.000
471.479	1715.000
472.255	1726.000
473.032	1715.000
473.808	1718.000
474.584	1722.000
475.360	1719.000
476.136	1719.000
476.912	1719.000
477.688	1714.000
478.464	1717.000
479.239	1716.000
480.015	1713.000
480.790	1719.000
481.566	1716.000
482.341	1721.000
483.117	1717.000
483.892	1720.000
484.667	1721.000
485.442	1716.000
486.217	1719.000
486.992	1716.000
487.767	1720.000
488.542	1720.000
489.317	1721.000
490.091	1714.000
490.866	1720.000
491.641	1716.000
492.415	1721.000
493.190	1715.000
493.964	1720.000
494.738	1716.000
495.512	1719.000
496.286	1720.000
497.060	1718.000
497.834	1723.000
498.608	1725.000
499.382	1719.000
500.156	1721.000
500.930	1719.000
501.703	1716.000
502.477	1725.000
503.250	1719.000
504.024	1720.000
504.797	1720.000
505.570	1719.000
506.343	1725.000
507.116	1724.000
507.889	1714.000
508.662	1722.000
509.435	1724.000
510.208	1722.000
510.981	1717.000
511.754	1716.000
512.526	1721.000
513.299	1718.000
514.071	1724.000
514.843	1722.000
515.616	1733.000
516.388	1720.000
517.160	1725.000
517.932	1723.000
518.704	1726.000
519.476	1723.000
520.248	1723.000
521.020	1722.000
521.791	1725.000
522.563	1718.000
523.335	1725.000
524.106	1726.000
524.878	1719.000
525.649	1725.000
526.420	1719.000
527.191	1727.000
527.963	1721.000
528.734	1723.000
529.505	1721.000
530.275	1725.000
531.046	1726.000
531.817	1727.000
532.588	1728.000
533.358	1727.000
534.129	1727.000
534.899	1727.000
535.670	1724.000
536.440	1723.000
537.210	1729.000
537.980	1731.000
538.750	1732.000
539.520	1732.000
540.290	1732.000
541.060	1727.000
541.830	1730.000
542.600	1730.000
543.369	1733.000
544.139	1734.000
544.909	1731.000
545.678	1735.000
546.447	1736.000
547.217	1730.000
547.986	1733.000
548.755	1729.000
549.524	1727.000
550.293	1730.000
551.062	1730.000
551.831	1732.000
552.599	1728.000
553.368	1730.000
554.137	1732.000
554.905	1726.000
555.674	1732.000
556.442	1725.000
557.210	1730.000
557.979	1732.000
558.747	1724.000
559.515	1725.000
560.283	1728.000
561.051	1733.000
561.819	1726.000
562.586	1727.000
563.354	1726.000
564.122	1726.000
564.889	1732.000
565.657	1728.000
566.424	1736.000
567.191	1730.000
567.959	1726.000
568.726	1730.000
569.493	1731.000
570.260	1732.000
571.027	1728.000
571.794	1730.000
572.561	1727.000
573.327	1734.000
574.094	1728.000
574.860	1726.000
575.627	1731.000
576.393	1729.000
577.160	1734.000
577.926	1737.000
578.692	1731.000
579.458	1734.000
580.224	1734.000
580.990	1727.000
581.756	1731.000
582.522	1739.000
583.288	1738.000
584.053	1732.000
584.819	1731.000
585.585	1729.000
586.350	1732.000
587.115	1729.000
587.881	1729.000
588.646	1734.000
589.411	1728.000
590.176	1731.000
590.941	1737.000
591.706	1728.000
592.471	1731.000
593.235	1731.000
594.000	1730.000
594.765	1728.000
595.529	1729.000
596.294	1741.000
597.058	1731.000
597.822	1733.000
598.587	1733.000
599.351	1731.000
600.115	1732.000
600.879	1723.000
601.643	1725.000
602.406	1731.000
603.170	1729.000
603.934	1731.000
604.698	1731.000
605.461	1731.000
606.224	1728.000
606.988	1731.000
607.751	1726.000
608.514	1731.000
609.278	1735.000
610.041	1734.000
610.804	1739.000
611.566	1747.000
612.329	1740.000
613.092	1736.000
613.855	1726.000
614.617	1727.000
615.380	1729.000
616.142	1725.000
616.905	1725.000
617.667	1733.000
618.429	1728.000
619.191	1727.000
619.953	1726.000
620.715	1721.000
621.477	1725.000
622.239	1731.000
623.001	1724.000
623.763	1731.000
624.524	1723.000
625.286	1729.000
626.047	1724.000
626.808	1723.000
627.570	1723.000
628.331	1723.000
629.092	1719.000
629.853	1724.000
630.614	1724.000
631.375	1727.000
632.136	1728.000
632.896	1726.000
633.657	1723.000
634.418	1724.000
635.178	1725.000
635.939	1726.000
636.699	1719.000
637.459	1725.000
638.219	1722.000
638.980	1721.000
639.740	1722.000
640.500	1725.000
641.260	1722.000
642.019	1726.000
642.779	1718.000
643.539	1726.000
644.298	1728.000
645.058	1722.000
645.817	1724.000
646.576	1727.000
647.336	1721.000
648.095	1720.000
648.854	1721.000
649.613	1723.000
650.372	1724.000
651.131	1724.000
651.890	1717.000
652.648	1723.000
653.407	1721.000
654.165	1725.000
654.924	1724.000
655.682	1724.000
656.441	1723.000
657.199	1726.000
657.957	1718.000
658.715	1723.000
659.473	1723.000
660.231	1729.000
660.989	1720.000
661.747	1723.000
662.504	1722.000
663.262	1722.000
664.019	1724.000
664.777	1721.000
665.534	1724.000
666.291	1723.000
667.049	1724.000
667.806	1720.000
668.563	1726.000
669.320	1720.000
670.077	1723.000
670.833	1720.000
671.590	1725.000
672.347	1723.000
673.103	1721.000
673.860	1723.000
674.616	1723.000
675.373	1722.000
676.129	1725.000
676.885	1723.000
677.641	1725.000
678.397	1724.000
679.153	1722.000
679.909	1725.000
680.665	1722.000
681.420	1725.000
682.176	1717.000
682.931	1725.000
683.687	1726.000
684.442	1725.000
685.198	1717.000
685.953	1718.000
686.708	1723.000
687.463	1719.000
688.218	1721.000
688.973	1718.000
689.728	1720.000
690.482	1725.000
691.237	1725.000
691.992	1732.000
692.746	1718.000
693.500	1726.000
694.255	1728.000
695.009	1727.000
695.763	1721.000
696.517	1719.000
697.271	1716.000
698.025	1724.000
698.779	1716.000
699.533	1723.000
700.286	1715.000
701.040	1721.000
701.794	1723.000
702.547	1721.000
703.300	1723.000
704.054	1721.000
704.807	1719.000
705.560	1720.000
706.313	1720.000
707.066	1717.000
707.819	1719.000
708.572	1723.000
709.324	1719.000
710.077	1716.000
710.829	1720.000
711.582	1719.000
712.334	1719.000
713.087	1715.000
713.839	1723.000
714.591	1718.000
715.343	1720.000
716.095	1726.000
716.847	1718.000
717.599	1718.000
718.350	1718.000
719.102	1715.000
719.854	1721.000
720.605	1718.000
721.357	1717.000
722.108	1725.000
722.859	1721.000
723.610	1718.000
724.361	1721.000
725.112	1720.000
725.863	1720.000
726.614	1722.000
727.365	1718.000
728.116	1719.000
728.866	1715.000
729.617	1720.000
730.367	1711.000
731.117	1717.000
731.868	1719.000
732.618	1717.000
733.368	1720.000
734.118	1714.000
734.868	1718.000
735.618	1713.000
736.368	1719.000
737.117	1719.000
737.867	1715.000
738.616	1713.000
739.366	1721.000
740.115	1718.000
740.864	1716.000
741.614	1730.000
742.363	1720.000
743.112	1716.000
743.861	1717.000
744.610	1714.000
745.358	1715.000
746.107	1718.000
746.856	1712.000
747.604	1719.000
748.353	1716.000
749.101	1721.000
749.849	1714.000
750.598	1721.000
751.346	1717.000
752.094	1717.000
752.842	1718.000
753.589	1716.000
754.337	1716.000
755.085	1718.000
755.833	1719.000
756.580	1714.000
757.328	1718.000
758.075	1718.000
758.822	1716.000
759.569	1714.000
760.317	1714.000
761.064	1723.000
761.811	1718.000
762.557	1713.000
763.304	1719.000
764.051	1720.000
764.798	1719.000
765.544	1709.000
766.291	1718.000
767.037	1715.000
767.783	1724.000
768.529	1713.000
769.276	1715.000
770.022	1715.000
770.768	1716.000
771.513	1715.000
772.259	1713.000
773.005	1721.000
773.751	1714.000
774.496	1715.000
775.242	1714.000
775.987	1718.000
776.732	1716.000
777.477	1716.000
778.222	1715.000
778.968	1719.000
779.712	1715.000
780.457	1713.000
781.202	1712.000
781.947	1718.000
782.691	1715.000
783.436	1714.000
784.180	1713.000
784.925	1717.000
785.669	1716.000
786.413	1718.000
787.157	1722.000
787.901	1715.000
788.645	1717.000
789.389	1712.000
790.133	1722.000
790.877	1714.000
791.620	1716.000
792.364	1717.000
793.107	1711.000
793.850	1714.000
794.594	1715.000
795.337	1713.000
796.080	1719.000
796.823	1714.000
797.566	1713.000
798.309	1716.000
799.052	1718.000
799.794	1715.000
800.537	1711.000
801.279	1714.000
802.022	1720.000
802.764	1713.000
803.506	1711.000
804.248	1714.000
804.991	1715.000
805.732	1717.000
806.474	1714.000
807.216	1713.000
807.958	1717.000
808.700	1712.000
809.441	1711.000
810.183	1712.000
810.924	1715.000
811.665	1716.000
812.407	1719.000
813.148	1712.000
813.889	1717.000
814.630	1714.000
815.371	1717.000
816.111	1718.000
816.852	1719.000
817.593	1713.000
818.333	1715.000
819.074	1717.000
819.814	1716.000
820.554	1718.000
821.295	1716.000
822.035	1716.000
822.775	1715.000
823.515	1724.000
824.254	1711.000
824.994	1715.000
825.734	1712.000
826.474	1715.000
827.213	1718.000
827.952	1713.000
828.692	1714.000
829.431	1711.000
830.170	1719.000
830.909	1716.000
831.648	1715.000
832.387	1710.000
833.126	1715.000
833.865	1716.000
834.603	1718.000
835.342	1717.000
836.080	1717.000
836.819	1717.000
837.557	1713.000
838.295	1713.000
839.033	1717.000
839.771	1718.000
840.509	1714.000
841.247	1718.000
841.985	1715.000
842.723	1727.000
843.460	1713.000
844.198	1718.000
844.935	1710.000
845.673	1717.000
846.410	1712.000
847.147	1709.000
847.884	1713.000
848.621	1714.000
849.358	1718.000
850.095	1709.000
850.832	1717.000
851.568	1715.000
852.305	1715.000
853.041	1719.000
853.778	1719.000
854.514	1714.000
855.250	1711.000
855.986	1712.000
856.722	1714.000
857.458	1717.000
858.194	1718.000
858.930	1715.000
859.666	1716.000
860.401	1716.000
861.137	1712.000
861.872	1712.000
862.608	1713.000
863.343	1711.000
864.078	1711.000
864.813	1719.000
865.548	1709.000
866.283	1716.000
867.018	1714.000
867.753	1717.000
868.487	1714.000
869.222	1715.000
869.956	1715.000
870.691	1716.000
871.425	1715.000
872.159	1715.000
872.893	1717.000
873.627	1718.000
874.361	1718.000
875.095	1719.000
875.829	1716.000
876.562	1718.000
877.296	1717.000
878.030	1718.000
878.763	1717.000
879.496	1709.000
880.229	1717.000
880.963	1711.000
881.696	1712.000
882.429	1717.000
883.162	1715.000
883.894	1714.000
884.627	1715.000
885.360	1715.000
886.092	1710.000
886.825	1711.000
887.557	1718.000
888.289	1714.000
889.021	1716.000
889.753	1722.000
890.485	1712.000
891.217	1716.000
891.949	1716.000
892.681	1719.000
893.413	1716.000
894.144	1717.000
894.876	1715.000
895.607	1716.000
896.338	1714.000
897.069	1721.000
897.801	1743.000
898.532	1715.000
899.262	1714.000
899.993	1714.000
900.724	1713.000
901.455	1717.000
902.185	1713.000
902.916	1715.000
903.646	1715.000
904.376	1713.000
905.107	1715.000
905.837	1715.000
906.567	1715.000
907.297	1712.000
908.027	1724.000
908.756	1711.000
909.486	1718.000
910.216	1712.000
910.945	1718.000
911.675	1717.000
912.404	1719.000
913.133	1721.000
913.862	1719.000
914.591	1714.000
915.320	1717.000
916.049	1716.000
916.778	1716.000
917.507	1717.000
918.235	1713.000
918.964	1716.000
919.692	1714.000
920.420	1722.000
921.149	1716.000
921.877	1714.000
922.605	1714.000
923.333	1715.000
924.061	1714.000
924.789	1720.000
925.516	1717.000
926.244	1712.000
926.971	1717.000
927.699	1717.000
928.426	1715.000
929.153	1719.000
929.881	1718.000
930.608	1718.000
931.335	1715.000
932.062	1713.000
932.788	1712.000
933.515	1717.000
934.242	1715.000
934.968	1716.000
935.695	1714.000
936.421	1716.000
937.147	1714.000
937.873	1715.000
938.599	1717.000
939.325	1719.000
940.051	1719.000
940.777	1717.000
941.503	1712.000
942.228	1713.000
942.954	1713.000
943.679	1715.000
944.405	1714.000
945.130	1711.000
945.855	1709.000
946.580	1713.000
947.305	1720.000
948.030	1718.000
948.755	1720.000
949.480	1712.000
950.204	1718.000
950.929	1720.000
951.653	1712.000
952.378	1720.000
953.102	1719.000
953.826	1716.000
954.550	1713.000
955.274	1722.000
955.998	1717.000
956.722	1719.000
957.445	1718.000
958.169	1716.000
958.892	1717.000
959.616	1713.000
960.339	1714.000
961.062	1722.000
961.786	1731.000
962.509	1718.000
963.232	1717.000
963.955	1718.000
964.677	1720.000
965.400	1717.000
966.123	1713.000
966.845	1720.000
967.568	1711.000
968.290	1720.000
969.012	1717.000
969.734	1718.000
970.456	1715.000
971.178	1713.000
971.900	1716.000
972.622	1718.000
973.344	1722.000
974.065	1735.000
974.787	1717.000
975.508	1716.000
976.229	1719.000
976.951	1713.000
977.672	1718.000
978.393	1708.000
979.114	1714.000
979.834	1714.000
980.555	1719.000
981.276	1715.000
981.996	1716.000
982.717	1715.000
983.437	1713.000
984.158	1715.000
984.878	1717.000
985.598	1714.000
986.318	1712.000
987.038	1719.000
987.758	1719.000
988.477	1719.000
989.197	1716.000
989.917	1718.000
990.636	1710.000
991.355	1716.000
992.075	1712.000
992.794	1718.000
993.513	1716.000
994.232	1713.000
994.951	1721.000
995.670	1718.000
996.388	1718.000
997.107	1714.000
997.826	1719.000
998.544	1715.000
999.262	1723.000
999.980	1718.000
1000.699	1723.000
1001.417	1713.000
1002.135	1718.000
1002.853	1717.000
1003.570	1717.000
1004.288	1719.000
1005.006	1718.000
1005.723	1720.000
1006.440	1712.000
1007.158	1716.000
1007.875	1716.000
1008.592	1715.000
1009.309	1717.000
1010.026	1725.000
1010.743	1716.000
1011.460	1722.000
1012.176	1718.000
1012.893	1718.000
1013.609	1715.000
1014.326	1713.000
1015.042	1723.000
1015.758	1724.000
1016.474	1716.000
1017.190	1716.000
1017.906	1723.000
1018.622	1721.000
1019.338	1715.000
1020.053	1716.000
1020.769	1721.000
1021.484	1718.000
1022.200	1716.000
1022.915	1715.000
1023.630	1717.000
1024.345	1717.000
1025.060	1717.000
1025.775	1715.000
1026.490	1714.000
1027.204	1713.000
1027.919	1718.000
1028.633	1715.000
1029.348	1717.000
1030.062	1713.000
1030.776	1712.000
1031.490	1716.000
1032.204	1716.000
1032.918	1710.000
1033.632	1717.000
1034.346	1710.000
1035.059	1700.000
1035.773	1700.000
1036.486	1700.000
1037.200	1699.000
