wavelength	counts
247.432	1721.000
248.227	1700.000
249.023	1702.000
249.818	1703.000
250.613	1713.000
251.408	1708.000
252.203	1715.000
252.999	1712.000
253.794	1714.000
254.588	1713.000
255.383	1716.000
256.178	1712.000
256.973	1710.000
257.768	1712.000
258.562	1711.000
259.357	1713.000
260.151	1716.000
260.946	1719.000
261.740	1719.000
262.534	1719.000
263.328	1714.000
264.123	1718.000
264.917	1714.000
265.711	1718.000
266.505	1709.000
267.299	1712.000
268.093	1712.000
268.886	1718.000
269.680	1711.000
270.474	1716.000
271.267	1717.000
272.061	1721.000
272.854	1714.000
273.648	1718.000
274.441	1719.000
275.234	1716.000
276.028	1718.000
276.821	1717.000
277.614	1717.000
278.407	1719.000
279.200	1721.000
279.993	1711.000
280.786	1719.000
281.578	1717.000
282.371	1720.000
283.164	1713.000
283.956	1715.000
284.749	1718.000
285.541	1713.000
286.334	1722.000
287.126	1719.000
287.918	1717.000
288.710	1719.000
289.503	1720.000
290.295	1714.000
291.087	1717.000
291.879	1719.000
292.670	1717.000
293.462	1718.000
294.254	1715.000
295.046	1714.000
295.837	1717.000
296.629	1717.000
297.420	1716.000
298.212	1719.000
299.003	1718.000
299.794	1712.000
300.586	1717.000
301.377	1719.000
302.168	1720.000
302.959	1722.000
303.750	1714.000
304.541	1719.000
305.332	1716.000
306.123	1718.000
306.913	1709.000
307.704	1718.000
308.494	1716.000
309.285	1711.000
310.075	1720.000
310.866	1719.000
311.656	1718.000
312.446	1720.000
313.237	1719.000
314.027	1713.000
314.817	1714.000
315.607	1716.000
316.397	1718.000
317.187	1714.000
317.976	1719.000
318.766	1719.000
319.556	1716.000
320.345	1720.000
321.135	1714.000
321.924	1720.000
322.714	1716.000
323.503	1720.000
324.293	1715.000
325.082	1716.000
325.871	1714.000
326.660	1724.000
327.449	1719.000
328.238	1722.000
329.027	1725.000
329.816	1718.000
330.604	1716.000
331.393	1716.000
332.182	1720.000
332.970	1718.000
333.759	1716.000
334.547	1721.000
335.336	1717.000
336.124	1717.000
336.912	1713.000
337.700	1717.000
338.488	1720.000
339.276	1721.000
340.064	1715.000
340.852	1720.000
341.640	1720.000
342.428	1717.000
343.216	1718.000
344.003	1723.000
344.791	1716.000
345.578	1714.000
346.366	1717.000
347.153	1718.000
347.940	1718.000
348.728	1712.000
349.515	1715.000
350.302	1721.000
351.089	1715.000
351.876	1716.000
352.663	1721.000
353.450	1716.000
354.236	1716.000
355.023	1724.000
355.810	1719.000
356.596	1720.000
357.383	1717.000
358.169	1721.000
358.956	1716.000
359.742	1713.000
360.528	1725.000
361.314	1714.000
362.100	1718.000
362.886	1714.000
363.672	1720.000
364.458	1711.000
365.244	1716.000
366.030	1715.000
366.816	1713.000
367.601	1709.000
368.387	1717.000
369.172	1713.000
369.958	1716.000
370.743	1710.000
371.528	1718.000
372.314	1710.000
373.099	1717.000
373.884	1715.000
374.669	1716.000
375.454	1714.000
376.239	1714.000
377.024	1719.000
377.808	1713.000
378.593	1714.000
379.378	1715.000
380.162	1713.000
380.947	1712.000
381.731	1717.000
382.515	1719.000
383.300	1717.000
384.084	1712.000
384.868	1718.000
385.652	1716.000
386.436	1714.000
387.220	1721.000
388.004	1716.000
388.788	1717.000
389.572	1716.000
390.355	1712.000
391.139	1714.000
391.922	1715.000
392.706	1713.000
393.489	1714.000
394.273	1720.000
395.056	1708.000
395.839	1713.000
396.622	1713.000
397.405	1719.000
398.188	1713.000
398.971	1713.000
399.754	1717.000
400.537	1714.000
401.319	1714.000
402.102	1715.000
402.885	1718.000
403.667	1724.000
404.450	1730.000
405.232	1738.000
406.014	1723.000
406.797	1718.000
407.579	1715.000
408.361	1717.000
409.143	1715.000
409.925	1716.000
410.707	1712.000
411.488	1715.000
412.270	1720.000
413.052	1718.000
413.833	1718.000
414.615	1715.000
415.397	1718.000
416.178	1718.000
416.959	1714.000
417.741	1714.000
418.522	1715.000
419.303	1710.000
420.084	1718.000
420.865	1713.000
421.646	1713.000
422.427	1712.000
423.207	1713.000
423.988	1710.000
424.769	1710.000
425.549	1714.000
426.330	1717.000
427.110	1713.000
427.891	1714.000
428.671	1713.000
429.451	1711.000
430.231	1719.000
431.011	1716.000
431.791	1718.000
432.571	1711.000
433.351	1717.000
434.131	1713.000
434.911	1716.000
435.690	1713.000
436.470	1719.000
437.250	1717.000
438.029	1718.000
438.808	1713.000
439.588	1713.000
440.367	1718.000
441.146	1720.000
441.925	1717.000
442.704	1714.000
443.483	1715.000
444.262	1716.000
445.041	1713.000
445.820	1718.000
446.598	1720.000
447.377	1714.000
448.156	1715.000
448.934	1723.000
449.712	1729.000
450.491	1724.000
451.269	1726.000
452.047	1726.000
452.825	1723.000
453.603	1731.000
454.381	1725.000
455.159	1722.000
455.937	1724.000
456.715	1720.000
457.493	1725.000
458.270	1722.000
459.048	1720.000
459.825	1728.000
460.603	1727.000
461.380	1726.000
462.157	1724.000
462.934	1717.000
463.712	1725.000
464.489	1721.000
465.266	1723.000
466.043	1718.000
466.819	1726.000
467.596	1723.000
468.373	1715.000
469.150	1719.000
469.926	1718.000
470.703	1718.000
471.479	1718.000
472.255	1718.000
473.032	1717.000
473.808	1719.000
474.584	1718.000
475.360	1714.000
476.136	1720.000
476.912	1720.000
477.688	1720.000
478.464	1719.000
479.239	1720.000
480.015	1715.000
480.790	1714.000
481.566	1717.000
482.341	1718.000
483.117	1720.000
483.892	1718.000
484.667	1723.000
485.442	1717.000
486.217	1719.000
486.992	1717.000
487.767	1722.000
488.542	1716.000
489.317	1721.000
490.091	1719.000
490.866	1715.000
491.641	1717.000
492.415	1717.000
493.190	1720.000
493.964	1714.000
494.738	1720.000
495.512	1712.000
496.286	1713.000
497.060	1711.000
497.834	1725.000
498.608	1713.000
499.382	1717.000
500.156	1716.000
500.930	1720.000
501.703	1715.000
502.477	1718.000
503.250	1720.000
504.024	1721.000
504.797	1721.000
505.570	1719.000
506.343	1720.000
507.116	1722.000
507.889	1727.000
508.662	1717.000
509.435	1723.000
510.208	1718.000
510.981	1721.000
511.754	1717.000
512.526	1716.000
513.299	1721.000
514.071	1715.000
514.843	1723.000
515.616	1728.000
516.388	1726.000
517.160	1729.000
517.932	1722.000
518.704	1720.000
519.476	1721.000
520.248	1720.000
521.020	1725.000
521.791	1719.000
522.563	1725.000
523.335	1721.000
524.106	1729.000
524.878	1720.000
525.649	1718.000
526.420	1726.000
527.191	1723.000
527.963	1728.000
528.734	1725.000
529.505	1725.000
530.275	1722.000
531.046	1723.000
531.817	1724.000
532.588	1730.000
533.358	1721.000
534.129	1723.000
534.899	1725.000
535.670	1726.000
536.440	1721.000
537.210	1728.000
537.980	1725.000
538.750	1725.000
539.520	1726.000
540.290	1731.000
541.060	1729.000
541.830	1728.000
542.600	1733.000
543.369	1733.000
544.139	1730.000
544.909	1738.000
545.678	1737.000
546.447	1731.000
547.217	1730.000
547.986	1729.000
548.755	1729.000
549.524	1727.000
550.293	1721.000
551.062	1730.000
551.831	1728.000
552.599	1730.000
553.368	1728.000
554.137	1728.000
554.905	1725.000
555.674	1732.000
556.442	1730.000
557.210	1726.000
557.979	1726.000
558.747	1729.000
559.515	1724.000
560.283	1726.000
561.051	1721.000
561.819	1729.000
562.586	1730.000
563.354	1726.000
564.122	1726.000
564.889	1731.000
565.657	1729.000
566.424	1732.000
567.191	1727.000
567.959	1731.000
568.726	1729.000
569.493	1726.000
570.260	1730.000
571.027	1729.000
571.794	1728.000
572.561	1726.000
573.327	1735.000
574.094	1725.000
574.860	1727.000
575.627	1733.000
576.393	1726.000
577.160	1726.000
577.926	1740.000
578.692	1737.000
579.458	1731.000
580.224	1732.000
580.990	1729.000
581.756	1727.000
582.522	1734.000
583.288	1735.000
584.053	1730.000
584.819	1728.000
585.585	1731.000
586.350	1728.000
587.115	1727.000
587.881	1732.000
588.646	1729.000
589.411	1731.000
590.176	1734.000
590.941	1729.000
591.706	1724.000
592.471	1722.000
593.235	1729.000
594.000	1727.000
594.765	1723.000
595.529	1733.000
596.294	1738.000
597.058	1730.000
597.822	1733.000
598.587	1727.000
599.351	1726.000
600.115	1722.000
600.879	1730.000
601.643	1727.000
602.406	1729.000
603.170	1733.000
603.934	1735.000
604.698	1731.000
605.461	1727.000
606.224	1730.000
606.988	1731.000
607.751	1734.000
608.514	1727.000
609.278	1730.000
610.041	1729.000
610.804	1739.000
611.566	1741.000
612.329	1744.000
613.092	1734.000
613.855	1731.000
614.617	1729.000
615.380	1731.000
616.142	1729.000
616.905	1727.000
617.667	1728.000
618.429	1726.000
619.191	1728.000
619.953	1723.000
620.715	1730.000
621.477	1724.000
622.239	1726.000
623.001	1728.000
623.763	1731.000
624.524	1722.000
625.286	1728.000
626.047	1726.000
626.808	1724.000
627.570	1722.000
628.331	1723.000
629.092	1723.000
629.853	1718.000
630.614	1729.000
631.375	1719.000
632.136	1727.000
632.896	1727.000
633.657	1722.000
634.418	1727.000
635.178	1719.000
635.939	1721.000
636.699	1722.000
637.459	1725.000
638.219	1724.000
638.980	1718.000
639.740	1721.000
640.500	1723.000
641.260	1722.000
642.019	1723.000
642.779	1719.000
643.539	1725.000
644.298	1722.000
645.058	1721.000
645.817	1721.000
646.576	1727.000
647.336	1722.000
648.095	1718.000
648.854	1716.000
649.613	1723.000
650.372	1722.000
651.131	1720.000
651.890	1723.000
652.648	1725.000
653.407	1719.000
654.165	1718.000
654.924	1726.000
655.682	1725.000
656.441	1725.000
657.199	1723.000
657.957	1723.000
658.715	1718.000
659.473	1723.000
660.231	1725.000
660.989	1721.000
661.747	1722.000
662.504	1724.000
663.262	1720.000
664.019	1717.000
664.777	1722.000
665.534	1728.000
666.291	1720.000
667.049	1720.000
667.806	1727.000
668.563	1723.000
669.320	1718.000
670.077	1719.000
670.833	1724.000
671.590	1723.000
672.347	1722.000
673.103	1720.000
673.860	1717.000
674.616	1719.000
675.373	1717.000
676.129	1719.000
676.885	1719.000
677.641	1715.000
678.397	1724.000
679.153	1717.000
679.909	1721.000
680.665	1720.000
681.420	1720.000
682.176	1721.000
682.931	1723.000
683.687	1725.000
684.442	1717.000
685.198	1720.000
685.953	1717.000
686.708	1722.000
687.463	1722.000
688.218	1719.000
688.973	1720.000
689.728	1720.000
690.482	1721.000
691.237	1720.000
691.992	1734.000
692.746	1716.000
693.500	1729.000
694.255	1721.000
695.009	1718.000
695.763	1720.000
696.517	1718.000
697.271	1724.000
698.025	1721.000
698.779	1721.000
699.533	1720.000
700.286	1716.000
701.040	1716.000
701.794	1715.000
702.547	1723.000
703.300	1721.000
704.054	1714.000
704.807	1718.000
705.560	1720.000
706.313	1719.000
707.066	1718.000
707.819	1715.000
708.572	1720.000
709.324	1719.000
710.077	1717.000
710.829	1724.000
711.582	1718.000
712.334	1721.000
713.087	1721.000
713.839	1715.000
714.591	1716.000
715.343	1718.000
716.095	1721.000
716.847	1716.000
717.599	1718.000
718.350	1717.000
719.102	1719.000
719.854	1715.000
720.605	1716.000
721.357	1721.000
722.108	1718.000
722.859	1713.000
723.610	1720.000
724.361	1715.000
725.112	1719.000
725.863	1725.000
726.614	1709.000
727.365	1719.000
728.116	1711.000
728.866	1716.000
729.617	1714.000
730.367	1713.000
731.117	1716.000
731.868	1721.000
732.618	1721.000
733.368	1716.000
734.118	1722.000
734.868	1722.000
735.618	1720.000
736.368	1718.000
737.117	1715.000
737.867	1714.000
738.616	1722.000
739.366	1717.000
740.115	1717.000
740.864	1714.000
741.614	1729.000
742.363	1714.000
743.112	1718.000
743.861	1718.000
744.610	1718.000
745.358	1719.000
746.107	1715.000
746.856	1721.000
747.604	1716.000
748.353	1715.000
749.101	1717.000
749.849	1718.000
750.598	1718.000
751.346	1720.000
752.094	1713.000
752.842	1721.000
753.589	1714.000
754.337	1720.000
755.085	1721.000
755.833	1719.000
756.580	1711.000
757.328	1722.000
758.075	1716.000
758.822	1718.000
759.569	1715.000
760.317	1716.000
761.064	1718.000
761.811	1713.000
762.557	1715.000
763.304	1716.000
764.051	1719.000
764.798	1713.000
765.544	1717.000
766.291	1715.000
767.037	1715.000
767.783	1715.000
768.529	1720.000
769.276	1713.000
770.022	1717.000
770.768	1713.000
771.513	1718.000
772.259	1717.000
773.005	1716.000
773.751	1717.000
774.496	1711.000
775.242	1712.000
775.987	1717.000
776.732	1717.000
777.477	1716.000
778.222	1717.000
778.968	1716.000
779.712	1717.000
780.457	1712.000
781.202	1713.000
781.947	1719.000
782.691	1719.000
783.436	1715.000
784.180	1716.000
784.925	1716.000
785.669	1716.000
786.413	1719.000
787.157	1719.000
787.901	1720.000
788.645	1718.000
789.389	1710.000
790.133	1721.000
790.877	1713.000
791.620	1713.000
792.364	1715.000
793.107	1715.000
793.850	1714.000
794.594	1710.000
795.337	1716.000
796.080	1713.000
796.823	1711.000
797.566	1712.000
798.309	1716.000
799.052	1718.000
799.794	1713.000
800.537	1713.000
801.279	1711.000
802.022	1723.000
802.764	1720.000
803.506	1715.000
804.248	1718.000
804.991	1717.000
805.732	1718.000
806.474	1713.000
807.216	1713.000
807.958	1716.000
808.700	1718.000
809.441	1713.000
810.183	1713.000
810.924	1714.000
811.665	1714.000
812.407	1715.000
813.148	1717.000
813.889	1715.000
814.630	1717.000
815.371	1711.000
816.111	1719.000
816.852	1716.000
817.593	1718.000
818.333	1717.000
819.074	1716.000
819.814	1716.000
820.554	1715.000
821.295	1710.000
822.035	1715.000
822.775	1714.000
823.515	1711.000
824.254	1716.000
824.994	1712.000
825.734	1717.000
826.474	1717.000
827.213	1720.000
827.952	1711.000
828.692	1712.000
829.431	1715.000
830.170	1712.000
830.909	1716.000
831.648	1711.000
832.387	1711.000
833.126	1712.000
833.865	1716.000
834.603	1718.000
835.342	1711.000
836.080	1714.000
836.819	1715.000
837.557	1715.000
838.295	1715.000
839.033	1714.000
839.771	1721.000
840.509	1711.000
841.247	1722.000
841.985	1715.000
842.723	1725.000
843.460	1709.000
844.198	1719.000
844.935	1711.000
845.673	1714.000
846.410	1714.000
847.147	1710.000
847.884	1714.000
848.621	1713.000
849.358	1719.000
850.095	1712.000
850.832	1717.000
851.568	1704.000
852.305	1718.000
853.041	1714.000
853.778	1715.000
854.514	1713.000
855.250	1715.000
855.986	1716.000
856.722	1714.000
857.458	1713.000
858.194	1717.000
858.930	1717.000
859.666	1719.000
860.401	1717.000
861.137	1710.000
861.872	1717.000
862.608	1712.000
863.343	1714.000
864.078	1711.000
864.813	1717.000
865.548	1717.000
866.283	1709.000
867.018	1718.000
867.753	1716.000
868.487	1714.000
869.222	1718.000
869.956	1717.000
870.691	1713.000
871.425	1718.000
872.159	1709.000
872.893	1719.000
873.627	1717.000
874.361	1717.000
875.095	1717.000
875.829	1714.000
876.562	1715.000
877.296	1715.000
878.030	1719.000
878.763	1717.000
879.496	1709.000
880.229	1716.000
880.963	1713.000
881.696	1710.000
882.429	1711.000
883.162	1715.000
883.894	1718.000
884.627	1709.000
885.360	1721.000
886.092	1713.000
886.825	1713.000
887.557	1714.000
888.289	1711.000
889.021	1715.000
889.753	1718.000
890.485	1715.000
891.217	1710.000
891.949	1719.000
892.681	1714.000
893.413	1719.000
894.144	1710.000
894.876	1710.000
895.607	1716.000
896.338	1718.000
897.069	1715.000
897.801	1736.000
898.532	1720.000
899.262	1715.000
899.993	1711.000
900.724	1713.000
901.455	1714.000
902.185	1715.000
902.916	1716.000
903.646	1719.000
904.376	1717.000
905.107	1716.000
905.837	1719.000
906.567	1716.000
907.297	1716.000
908.027	1720.000
908.756	1712.000
909.486	1709.000
910.216	1714.000
910.945	1723.000
911.675	1715.000
912.404	1722.000
913.133	1718.000
913.862	1714.000
914.591	1713.000
915.320	1714.000
916.049	1718.000
916.778	1718.000
917.507	1715.000
918.235	1720.000
918.964	1709.000
919.692	1713.000
920.420	1713.000
921.149	1713.000
921.877	1709.000
922.605	1719.000
923.333	1712.000
924.061	1715.000
924.789	1715.000
925.516	1717.000
926.244	1715.000
926.971	1713.000
927.699	1718.000
928.426	1712.000
929.153	1714.000
929.881	1717.000
930.608	1719.000
931.335	1718.000
932.062	1714.000
932.788	1714.000
933.515	1716.000
934.242	1712.000
934.968	1721.000
935.695	1717.000
936.421	1714.000
937.147	1718.000
937.873	1717.000
938.599	1717.000
939.325	1714.000
940.051	1717.000
940.777	1717.000
941.503	1720.000
942.228	1717.000
942.954	1716.000
943.679	1714.000
944.405	1718.000
945.130	1716.000
945.855	1714.000
946.580	1719.000
947.305	1718.000
948.030	1715.000
948.755	1714.000
949.480	1713.000
950.204	1717.000
950.929	1713.000
951.653	1710.000
952.378	1722.000
953.102	1717.000
953.826	1723.000
954.550	1717.000
955.274	1717.000
955.998	1715.000
956.722	1716.000
957.445	1714.000
958.169	1713.000
958.892	1715.000
959.616	1719.000
960.339	1720.000
961.062	1712.000
961.786	1735.000
962.509	1713.000
963.232	1715.000
963.955	1716.000
964.677	1718.000
965.400	1714.000
966.123	1716.000
966.845	1714.000
967.568	1717.000
968.290	1714.000
969.012	1712.000
969.734	1718.000
970.456	1716.000
971.178	1719.000
971.900	1714.000
972.622	1719.000
973.344	1730.000
974.065	1729.000
974.787	1716.000
975.508	1718.000
976.229	1715.000
976.951	1717.000
977.672	1713.000
978.393	1715.000
979.114	1714.000
979.834	1721.000
980.555	1711.000
981.276	1713.000
981.996	1719.000
982.717	1714.000
983.437	1711.000
984.158	1716.000
984.878	1717.000
985.598	1717.000
986.318	1721.000
987.038	1717.000
987.758	1722.000
988.477	1719.000
989.197	1718.000
989.917	1722.000
990.636	1713.000
991.355	1719.000
992.075	1719.000
992.794	1718.000
993.513	1724.000
994.232	1720.000
994.951	1720.000
995.670	1717.000
996.388	1716.000
997.107	1719.000
997.826	1716.000
998.544	1718.000
999.262	1716.000
999.980	1716.000
1000.699	1713.000
1001.417	1718.000
1002.135	1715.000
1002.853	1723.000
1003.570	1715.000
1004.288	1717.000
1005.006	1717.000
1005.723	1721.000
1006.440	1717.000
1007.158	1718.000
1007.875	1715.000
1008.592	1717.000
1009.309	1720.000
1010.026	1714.000
1010.743	1715.000
1011.460	1718.000
1012.176	1719.000
1012.893	1724.000
1013.609	1718.000
1014.326	1713.000
1015.042	1721.000
1015.758	1720.000
1016.474	1721.000
1017.190	1715.000
1017.906	1724.000
1018.622	1720.000
1019.338	1715.000
1020.053	1717.000
1020.769	1717.000
1021.484	1715.000
1022.200	1718.000
1022.915	1718.000
1023.630	1719.000
1024.345	1717.000
1025.060	1713.000
1025.775	1722.000
1026.490	1712.000
1027.204	1716.000
1027.919	1712.000
1028.633	1718.000
1029.348	1716.000
1030.062	1714.000
1030.776	1713.000
1031.490	1715.000
1032.204	1715.000
1032.918	1714.000
1033.632	1715.000
1034.346	1716.000
1035.059	1707.000
1035.773	1698.000
1036.486	1702.000
1037.200	1699.000
