wavelength	counts
247.432	1721.000
248.227	1706.000
249.023	1700.000
249.818	1700.000
250.613	1711.000
251.408	1708.000
252.203	1707.000
252.999	1713.000
253.794	1710.000
254.588	1712.000
255.383	1712.000
256.178	1715.000
256.973	1713.000
257.768	1713.000
258.562	1711.000
259.357	1713.000
260.151	1715.000
260.946	1718.000
261.740	1719.000
262.534	1716.000
263.328	1714.000
264.123	1715.000
264.917	1720.000
265.711	1714.000
266.505	1714.000
267.299	1713.000
268.093	1714.000
268.886	1714.000
269.680	1720.000
270.474	1714.000
271.267	1717.000
272.061	1721.000
272.854	1717.000
273.648	1714.000
274.441	1722.000
275.234	1717.000
276.028	1722.000
276.821	1722.000
277.614	1711.000
278.407	1717.000
279.200	1719.000
279.993	1712.000
280.786	1716.000
281.578	1715.000
282.371	1721.000
283.164	1712.000
283.956	1714.000
284.749	1720.000
285.541	1716.000
286.334	1721.000
287.126	1719.000
287.918	1710.000
288.710	1717.000
289.503	1716.000
290.295	1718.000
291.087	1711.000
291.879	1721.000
292.670	1716.000
293.462	1715.000
294.254	1720.000
295.046	1720.000
295.837	1716.000
296.629	1720.000
297.420	1714.000
298.212	1718.000
299.003	1715.000
299.794	1715.000
300.586	1719.000
301.377	1718.000
302.168	1721.000
302.959	1714.000
303.750	1716.000
304.541	1719.000
305.332	1718.000
306.123	1717.000
306.913	1715.000
307.704	1715.000
308.494	1717.000
309.285	1720.000
310.075	1715.000
310.866	1716.000
311.656	1721.000
312.446	1716.000
313.237	1714.000
314.027	1712.000
314.817	1714.000
315.607	1712.000
316.397	1721.000
317.187	1722.000
317.976	1721.000
318.766	1719.000
319.556	1717.000
320.345	1718.000
321.135	1720.000
321.924	1718.000
322.714	1716.000
323.503	1725.000
324.293	1718.000
325.082	1720.000
325.871	1715.000
326.660	1719.000
327.449	1719.000
328.238	1713.000
329.027	1726.000
329.816	1716.000
330.604	1718.000
331.393	1717.000
332.182	1723.000
332.970	1718.000
333.759	1715.000
334.547	1720.000
335.336	1716.000
336.124	1711.000
336.912	1719.000
337.700	1716.000
338.488	1719.000
339.276	1723.000
340.064	1714.000
340.852	1718.000
341.640	1716.000
342.428	1720.000
343.216	1718.000
344.003	1719.000
344.791	1712.000
345.578	1722.000
346.366	1717.000
347.153	1716.000
347.940	1717.000
348.728	1717.000
349.515	1717.000
350.302	1714.000
351.089	1716.000
351.876	1717.000
352.663	1716.000
353.450	1713.000
354.236	1719.000
355.023	1715.000
355.810	1716.000
356.596	1719.000
357.383	1715.000
358.169	1716.000
358.956	1721.000
359.742	1712.000
360.528	1716.000
361.314	1716.000
362.100	1721.000
362.886	1716.000
363.672	1722.000
364.458	1711.000
365.244	1713.000
366.030	1719.000
366.816	1716.000
367.601	1719.000
368.387	1719.000
369.172	1717.000
369.958	1717.000
370.743	1717.000
371.528	1714.000
372.314	1715.000
373.099	1716.000
373.884	1717.000
374.669	1709.000
375.454	1719.000
376.239	1711.000
377.024	1717.000
377.808	1716.000
378.593	1716.000
379.378	1719.000
380.162	1719.000
380.947	1716.000
381.731	1713.000
382.515	1716.000
383.300	1713.000
384.084	1717.000
384.868	1722.000
385.652	1718.000
386.436	1714.000
387.220	1722.000
388.004	1716.000
388.788	1718.000
389.572	1715.000
390.355	1713.000
391.139	1719.000
391.922	1713.000
392.706	1721.000
393.489	1711.000
394.273	1716.000
395.056	1714.000
395.839	1721.000
396.622	1713.000
397.405	1715.000
398.188	1715.000
398.971	1710.000
399.754	1718.000
400.537	1714.000
401.319	1715.000
402.102	1718.000
402.885	1732.000
403.667	1739.000
404.450	1780.000
405.232	1793.000
406.014	1749.000
406.797	1723.000
407.579	1717.000
408.361	1713.000
409.143	1716.000
409.925	1714.000
410.707	1714.000
411.488	1716.000
412.270	1716.000
413.052	1717.000
413.833	1711.000
414.615	1715.000
415.397	1714.000
416.178	1717.000
416.959	1718.000
417.741	1716.000
418.522	1710.000
419.303	1713.000
420.084	1714.000
420.865	1718.000
421.646	1713.000
422.427	1709.000
423.207	1714.000
423.988	1713.000
424.769	1719.000
425.549	1716.000
426.330	1715.000
427.110	1714.000
427.891	1715.000
428.671	1716.000
429.451	1716.000
430.231	1722.000
431.011	1719.000
431.791	1717.000
432.571	1716.000
433.351	1714.000
434.131	1720.000
434.911	1713.000
435.690	1718.000
436.470	1718.000
437.250	1713.000
438.029	1717.000
438.808	1715.000
439.588	1719.000
440.367	1720.000
441.146	1719.000
441.925	1713.000
442.704	1721.000
443.483	1715.000
444.262	1720.000
445.041	1714.000
445.820	1721.000
446.598	1721.000
447.377	1720.000
448.156	1716.000
448.934	1732.000
449.712	1729.000
450.491	1727.000
451.269	1726.000
452.047	1724.000
452.825	1727.000
453.603	1730.000
454.381	1729.000
455.159	1726.000
455.937	1727.000
456.715	1717.000
457.493	1728.000
458.270	1723.000
459.048	1721.000
459.825	1723.000
460.603	1724.000
461.380	1722.000
462.157	1724.000
462.934	1721.000
463.712	1726.000
464.489	1727.000
465.266	1722.000
466.043	1718.000
466.819	1718.000
467.596	1717.000
468.373	1717.000
469.150	1718.000
469.926	1717.000
470.703	1727.000
471.479	1718.000
472.255	1721.000
473.032	1718.000
473.808	1719.000
474.584	1714.000
475.360	1714.000
476.136	1719.000
476.912	1718.000
477.688	1721.000
478.464	1719.000
479.239	1718.000
480.015	1718.000
480.790	1717.000
481.566	1716.000
482.341	1723.000
483.117	1714.000
483.892	1721.000
484.667	1717.000
485.442	1716.000
486.217	1711.000
486.992	1724.000
487.767	1721.000
488.542	1722.000
489.317	1724.000
490.091	1714.000
490.866	1715.000
491.641	1721.000
492.415	1722.000
493.190	1718.000
493.964	1722.000
494.738	1718.000
495.512	1719.000
496.286	1715.000
497.060	1711.000
497.834	1724.000
498.608	1724.000
499.382	1721.000
500.156	1721.000
500.930	1720.000
501.703	1717.000
502.477	1715.000
503.250	1725.000
504.024	1721.000
504.797	1719.000
505.570	1718.000
506.343	1718.000
507.116	1725.000
507.889	1715.000
508.662	1717.000
509.435	1723.000
510.208	1719.000
510.981	1717.000
511.754	1718.000
512.526	1718.000
513.299	1723.000
514.071	1720.000
514.843	1724.000
515.616	1727.000
516.388	1722.000
517.160	1723.000
517.932	1721.000
518.704	1727.000
519.476	1724.000
520.248	1722.000
521.020	1727.000
521.791	1727.000
522.563	1721.000
523.335	1722.000
524.106	1725.000
524.878	1720.000
525.649	1727.000
526.420	1720.000
527.191	1720.000
527.963	1725.000
528.734	1727.000
529.505	1721.000
530.275	1723.000
531.046	1723.000
531.817	1725.000
532.588	1724.000
533.358	1725.000
534.129	1729.000
534.899	1727.000
535.670	1723.000
536.440	1723.000
537.210	1724.000
537.980	1725.000
538.750	1728.000
539.520	1726.000
540.290	1724.000
541.060	1722.000
541.830	1729.000
542.600	1726.000
543.369	1733.000
544.139	1724.000
544.909	1726.000
545.678	1729.000
546.447	1729.000
547.217	1726.000
547.986	1734.000
548.755	1727.000
549.524	1725.000
550.293	1725.000
551.062	1727.000
551.831	1723.000
552.599	1724.000
553.368	1725.000
554.137	1728.000
554.905	1724.000
555.674	1729.000
556.442	1729.000
557.210	1729.000
557.979	1724.000
558.747	1727.000
559.515	1731.000
560.283	1726.000
561.051	1726.000
561.819	1728.000
562.586	1732.000
563.354	1726.000
564.122	1725.000
564.889	1733.000
565.657	1729.000
566.424	1731.000
567.191	1731.000
567.959	1731.000
568.726	1728.000
569.493	1726.000
570.260	1727.000
571.027	1729.000
571.794	1732.000
572.561	1727.000
573.327	1730.000
574.094	1726.000
574.860	1729.000
575.627	1728.000
576.393	1732.000
577.160	1724.000
577.926	1739.000
578.692	1728.000
579.458	1731.000
580.224	1727.000
580.990	1731.000
581.756	1725.000
582.522	1725.000
583.288	1732.000
584.053	1732.000
584.819	1734.000
585.585	1735.000
586.350	1726.000
587.115	1727.000
587.881	1724.000
588.646	1730.000
589.411	1727.000
590.176	1726.000
590.941	1729.000
591.706	1724.000
592.471	1726.000
593.235	1728.000
594.000	1729.000
594.765	1720.000
595.529	1726.000
596.294	1735.000
597.058	1734.000
597.822	1724.000
598.587	1728.000
599.351	1726.000
600.115	1735.000
600.879	1721.000
601.643	1725.000
602.406	1725.000
603.170	1728.000
603.934	1727.000
604.698	1724.000
605.461	1729.000
606.224	1727.000
606.988	1730.000
607.751	1729.000
608.514	1726.000
609.278	1725.000
610.041	1729.000
610.804	1729.000
611.566	1730.000
612.329	1730.000
613.092	1727.000
613.855	1730.000
614.617	1724.000
615.380	1728.000
616.142	1724.000
616.905	1724.000
617.667	1721.000
618.429	1724.000
619.191	1729.000
619.953	1725.000
620.715	1720.000
621.477	1729.000
622.239	1718.000
623.001	1727.000
623.763	1722.000
624.524	1722.000
625.286	1723.000
626.047	1719.000
626.808	1721.000
627.570	1719.000
628.331	1722.000
629.092	1720.000
629.853	1722.000
630.614	1725.000
631.375	1722.000
632.136	1720.000
632.896	1718.000
633.657	1720.000
634.418	1718.000
635.178	1719.000
635.939	1723.000
636.699	1722.000
637.459	1723.000
638.219	1723.000
638.980	1716.000
639.740	1716.000
640.500	1717.000
641.260	1721.000
642.019	1719.000
642.779	1722.000
643.539	1725.000
644.298	1725.000
645.058	1719.000
645.817	1723.000
646.576	1720.000
647.336	1724.000
648.095	1722.000
648.854	1714.000
649.613	1722.000
650.372	1722.000
651.131	1719.000
651.890	1718.000
652.648	1718.000
653.407	1716.000
654.165	1721.000
654.924	1716.000
655.682	1722.000
656.441	1718.000
657.199	1715.000
657.957	1720.000
658.715	1726.000
659.473	1717.000
660.231	1726.000
660.989	1724.000
661.747	1721.000
662.504	1718.000
663.262	1720.000
664.019	1722.000
664.777	1715.000
665.534	1724.000
666.291	1721.000
667.049	1717.000
667.806	1719.000
668.563	1723.000
669.320	1718.000
670.077	1726.000
670.833	1720.000
671.590	1722.000
672.347	1718.000
673.103	1721.000
673.860	1719.000
674.616	1723.000
675.373	1715.000
676.129	1723.000
676.885	1726.000
677.641	1721.000
678.397	1725.000
679.153	1715.000
679.909	1725.000
680.665	1718.000
681.420	1726.000
682.176	1719.000
682.931	1726.000
683.687	1724.000
684.442	1721.000
685.198	1720.000
685.953	1725.000
686.708	1722.000
687.463	1725.000
688.218	1725.000
688.973	1726.000
689.728	1723.000
690.482	1723.000
691.237	1723.000
691.992	1733.000
692.746	1723.000
693.500	1724.000
694.255	1723.000
695.009	1725.000
695.763	1725.000
696.517	1728.000
697.271	1728.000
698.025	1729.000
698.779	1727.000
699.533	1725.000
700.286	1725.000
701.040	1725.000
701.794	1730.000
702.547	1729.000
703.300	1728.000
704.054	1731.000
704.807	1728.000
705.560	1733.000
706.313	1735.000
707.066	1734.000
707.819	1733.000
708.572	1736.000
709.324	1737.000
710.077	1736.000
710.829	1738.000
711.582	1741.000
712.334	1747.000
713.087	1746.000
713.839	1740.000
714.591	1744.000
715.343	1746.000
716.095	1753.000
716.847	1753.000
717.599	1749.000
718.350	1754.000
719.102	1750.000
719.854	1750.000
720.605	1758.000
721.357	1758.000
722.108	1759.000
722.859	1770.000
723.610	1772.000
724.361	1758.000
725.112	1770.000
725.863	1772.000
726.614	1773.000
727.365	1775.000
728.116	1781.000
728.866	1782.000
729.617	1785.000
730.367	1789.000
731.117	1790.000
731.868	1798.000
732.618	1792.000
733.368	1804.000
734.118	1807.000
734.868	1813.000
735.618	1816.000
736.368	1820.000
737.117	1821.000
737.867	1823.000
738.616	1829.000
739.366	1832.000
740.115	1836.000
740.864	1849.000
741.614	1863.000
742.363	1862.000
743.112	1855.000
743.861	1865.000
744.610	1855.000
745.358	1875.000
746.107	1882.000
746.856	1890.000
747.604	1879.000
748.353	1893.000
749.101	1896.000
749.849	1895.000
750.598	1908.000
751.346	1911.000
752.094	1919.000
752.842	1928.000
753.589	1937.000
754.337	1938.000
755.085	1943.000
755.833	1942.000
756.580	1943.000
757.328	1957.000
758.075	1957.000
758.822	1975.000
759.569	1964.000
760.317	1968.000
761.064	1983.000
761.811	1980.000
762.557	1987.000
763.304	1987.000
764.051	1987.000
764.798	2000.000
765.544	1999.000
766.291	2003.000
767.037	2004.000
767.783	2006.000
768.529	2004.000
769.276	2009.000
770.022	2014.000
770.768	2022.000
771.513	2005.000
772.259	2016.000
773.005	2031.000
773.751	2016.000
774.496	2026.000
775.242	2017.000
775.987	2016.000
776.732	2012.000
777.477	2024.000
778.222	2025.000
778.968	2018.000
779.712	2007.000
780.457	2007.000
781.202	2017.000
781.947	2016.000
782.691	2003.000
783.436	2010.000
784.180	1999.000
784.925	1995.000
785.669	1989.000
786.413	2004.000
787.157	1993.000
787.901	1990.000
788.645	1980.000
789.389	1974.000
790.133	1966.000
790.877	1972.000
791.620	1962.000
792.364	1955.000
793.107	1961.000
793.850	1948.000
794.594	1947.000
795.337	1931.000
796.080	1927.000
796.823	1923.000
797.566	1917.000
798.309	1921.000
799.052	1914.000
799.794	1908.000
800.537	1900.000
801.279	1893.000
802.022	1885.000
802.764	1885.000
803.506	1875.000
804.248	1874.000
804.991	1873.000
805.732	1861.000
806.474	1850.000
807.216	1850.000
807.958	1842.000
808.700	1840.000
809.441	1840.000
810.183	1838.000
810.924	1833.000
811.665	1818.000
812.407	1816.000
813.148	1813.000
813.889	1826.000
814.630	1809.000
815.371	1804.000
816.111	1806.000
816.852	1807.000
817.593	1801.000
818.333	1797.000
819.074	1790.000
819.814	1787.000
820.554	1780.000
821.295	1780.000
822.035	1780.000
822.775	1779.000
823.515	1778.000
824.254	1774.000
824.994	1771.000
825.734	1773.000
826.474	1768.000
827.213	1762.000
827.952	1765.000
828.692	1754.000
829.431	1758.000
830.170	1756.000
830.909	1759.000
831.648	1755.000
832.387	1753.000
833.126	1751.000
833.865	1756.000
834.603	1753.000
835.342	1749.000
836.080	1745.000
836.819	1744.000
837.557	1748.000
838.295	1740.000
839.033	1745.000
839.771	1747.000
840.509	1739.000
841.247	1740.000
841.985	1744.000
842.723	1750.000
843.460	1737.000
844.198	1740.000
844.935	1727.000
845.673	1734.000
846.410	1737.000
847.147	1736.000
847.884	1729.000
848.621	1734.000
849.358	1730.000
850.095	1731.000
850.832	1724.000
851.568	1726.000
852.305	1723.000
853.041	1730.000
853.778	1725.000
854.514	1730.000
855.250	1725.000
855.986	1726.000
856.722	1724.000
857.458	1725.000
858.194	1725.000
858.930	1722.000
859.666	1723.000
860.401	1724.000
861.137	1729.000
861.872	1719.000
862.608	1725.000
863.343	1723.000
864.078	1720.000
864.813	1723.000
865.548	1719.000
866.283	1723.000
867.018	1726.000
867.753	1718.000
868.487	1717.000
869.222	1717.000
869.956	1720.000
870.691	1723.000
871.425	1717.000
872.159	1719.000
872.893	1723.000
873.627	1718.000
874.361	1719.000
875.095	1727.000
875.829	1714.000
876.562	1718.000
877.296	1717.000
878.030	1716.000
878.763	1718.000
879.496	1712.000
880.229	1724.000
880.963	1718.000
881.696	1714.000
882.429	1718.000
883.162	1723.000
883.894	1720.000
884.627	1717.000
885.360	1715.000
886.092	1720.000
886.825	1718.000
887.557	1725.000
888.289	1711.000
889.021	1718.000
889.753	1717.000
890.485	1711.000
891.217	1711.000
891.949	1715.000
892.681	1721.000
893.413	1715.000
894.144	1718.000
894.876	1717.000
895.607	1716.000
896.338	1719.000
897.069	1717.000
897.801	1745.000
898.532	1719.000
899.262	1716.000
899.993	1722.000
900.724	1715.000
901.455	1720.000
902.185	1715.000
902.916	1718.000
903.646	1715.000
904.376	1720.000
905.107	1719.000
905.837	1716.000
906.567	1718.000
907.297	1714.000
908.027	1718.000
908.756	1719.000
909.486	1720.000
910.216	1715.000
910.945	1721.000
911.675	1716.000
912.404	1718.000
913.133	1709.000
913.862	1716.000
914.591	1717.000
915.320	1721.000
916.049	1715.000
916.778	1714.000
917.507	1717.000
918.235	1715.000
918.964	1709.000
919.692	1711.000
920.420	1723.000
921.149	1715.000
921.877	1713.000
922.605	1716.000
923.333	1719.000
924.061	1718.000
924.789	1721.000
925.516	1718.000
926.244	1708.000
926.971	1719.000
927.699	1718.000
928.426	1715.000
929.153	1719.000
929.881	1715.000
930.608	1720.000
931.335	1721.000
932.062	1714.000
932.788	1718.000
933.515	1719.000
934.242	1716.000
934.968	1718.000
935.695	1716.000
936.421	1712.000
937.147	1717.000
937.873	1718.000
938.599	1715.000
939.325	1721.000
940.051	1715.000
940.777	1718.000
941.503	1718.000
942.228	1719.000
942.954	1713.000
943.679	1717.000
944.405	1714.000
945.130	1718.000
945.855	1711.000
946.580	1722.000
947.305	1719.000
948.030	1720.000
948.755	1713.000
949.480	1720.000
950.204	1716.000
950.929	1716.000
951.653	1712.000
952.378	1713.000
953.102	1718.000
953.826	1715.000
954.550	1713.000
955.274	1718.000
955.998	1715.000
956.722	1714.000
957.445	1722.000
958.169	1717.000
958.892	1716.000
959.616	1721.000
960.339	1717.000
961.062	1714.000
961.786	1728.000
962.509	1718.000
963.232	1717.000
963.955	1716.000
964.677	1716.000
965.400	1717.000
966.123	1722.000
966.845	1715.000
967.568	1717.000
968.290	1722.000
969.012	1716.000
969.734	1721.000
970.456	1718.000
971.178	1718.000
971.900	1720.000
972.622	1721.000
973.344	1726.000
974.065	1732.000
974.787	1716.000
975.508	1719.000
976.229	1715.000
976.951	1712.000
977.672	1723.000
978.393	1712.000
979.114	1717.000
979.834	1717.000
980.555	1716.000
981.276	1716.000
981.996	1721.000
982.717	1716.000
983.437	1720.000
984.158	1720.000
984.878	1717.000
985.598	1716.000
986.318	1711.000
987.038	1714.000
987.758	1718.000
988.477	1715.000
989.197	1715.000
989.917	1726.000
990.636	1718.000
991.355	1717.000
992.075	1715.000
992.794	1721.000
993.513	1724.000
994.232	1721.000
994.951	1719.000
995.670	1723.000
996.388	1714.000
997.107	1715.000
997.826	1718.000
998.544	1719.000
999.262	1717.000
999.980	1714.000
1000.699	1715.000
1001.417	1719.000
1002.135	1723.000
1002.853	1720.000
1003.570	1723.000
1004.288	1720.000
1005.006	1719.000
1005.723	1715.000
1006.440	1719.000
1007.158	1716.000
1007.875	1720.000
1008.592	1718.000
1009.309	1715.000
1010.026	1720.000
1010.743	1715.000
1011.460	1713.000
1012.176	1717.000
1012.893	1721.000
1013.609	1719.000
1014.326	1715.000
1015.042	1720.000
1015.758	1725.000
1016.474	1718.000
1017.190	1714.000
1017.906	1720.000
1018.622	1720.000
1019.338	1714.000
1020.053	1719.000
1020.769	1720.000
1021.484	1718.000
1022.200	1721.000
1022.915	1717.000
1023.630	1718.000
1024.345	1715.000
1025.060	1715.000
1025.775	1712.000
1026.490	1715.000
1027.204	1715.000
1027.919	1719.000
1028.633	1712.000
1029.348	1717.000
1030.062	1716.000
1030.776	1711.000
1031.490	1714.000
1032.204	1710.000
1032.918	1713.000
1033.632	1714.000
1034.346	1711.000
1035.059	1703.000
1035.773	1701.000
1036.486	1699.000
1037.200	1701.000
