wavelength	counts
247.432	1719.000
248.227	1705.000
249.023	1703.000
249.818	1700.000
250.613	1711.000
251.408	1707.000
252.203	1713.000
252.999	1713.000
253.794	1713.000
254.588	1714.000
255.383	1718.000
256.178	1712.000
256.973	1713.000
257.768	1716.000
258.562	1711.000
259.357	1715.000
260.151	1713.000
260.946	1720.000
261.740	1712.000
262.534	1720.000
263.328	1713.000
264.123	1717.000
264.917	1716.000
265.711	1716.000
266.505	1712.000
267.299	1715.000
268.093	1709.000
268.886	1717.000
269.680	1717.000
270.474	1720.000
271.267	1712.000
272.061	1722.000
272.854	1719.000
273.648	1714.000
274.441	1719.000
275.234	1716.000
276.028	1720.000
276.821	1718.000
277.614	1716.000
278.407	1715.000
279.200	1716.000
279.993	1708.000
280.786	1718.000
281.578	1712.000
282.371	1713.000
283.164	1711.000
283.956	1717.000
284.749	1719.000
285.541	1718.000
286.334	1721.000
287.126	1715.000
287.918	1718.000
288.710	1719.000
289.503	1722.000
290.295	1719.000
291.087	1717.000
291.879	1715.000
292.670	1714.000
293.462	1720.000
294.254	1714.000
295.046	1719.000
295.837	1717.000
296.629	1724.000
297.420	1721.000
298.212	1719.000
299.003	1713.000
299.794	1714.000
300.586	1715.000
301.377	1713.000
302.168	1714.000
302.959	1717.000
303.750	1718.000
304.541	1720.000
305.332	1713.000
306.123	1712.000
306.913	1718.000
307.704	1716.000
308.494	1716.000
309.285	1715.000
310.075	1716.000
310.866	1721.000
311.656	1720.000
312.446	1719.000
313.237	1721.000
314.027	1712.000
314.817	1721.000
315.607	1715.000
316.397	1717.000
317.187	1715.000
317.976	1719.000
318.766	1714.000
319.556	1717.000
320.345	1718.000
321.135	1716.000
321.924	1719.000
322.714	1722.000
323.503	1721.000
324.293	1714.000
325.082	1720.000
325.871	1719.000
326.660	1719.000
327.449	1717.000
328.238	1723.000
329.027	1721.000
329.816	1719.000
330.604	1718.000
331.393	1721.000
332.182	1718.000
332.970	1715.000
333.759	1716.000
334.547	1719.000
335.336	1715.000
336.124	1717.000
336.912	1720.000
337.700	1718.000
338.488	1716.000
339.276	1720.000
340.064	1720.000
340.852	1719.000
341.640	1717.000
342.428	1718.000
343.216	1725.000
344.003	1719.000
344.791	1717.000
345.578	1715.000
346.366	1719.000
347.153	1722.000
347.940	1715.000
348.728	1715.000
349.515	1712.000
350.302	1720.000
351.089	1715.000
351.876	1716.000
352.663	1713.000
353.450	1714.000
354.236	1715.000
355.023	1721.000
355.810	1718.000
356.596	1716.000
357.383	1717.000
358.169	1719.000
358.956	1718.000
359.742	1717.000
360.528	1716.000
361.314	1715.000
362.100	1719.000
362.886	1714.000
363.672	1723.000
364.458	1712.000
365.244	1716.000
366.030	1714.000
366.816	1718.000
367.601	1710.000
368.387	1715.000
369.172	1712.000
369.958	1716.000
370.743	1716.000
371.528	1713.000
372.314	1712.000
373.099	1714.000
373.884	1721.000
374.669	1714.000
375.454	1717.000
376.239	1714.000
377.024	1719.000
377.808	1719.000
378.593	1718.000
379.378	1720.000
380.162	1718.000
380.947	1711.000
381.731	1717.000
382.515	1715.000
383.300	1720.000
384.084	1714.000
384.868	1716.000
385.652	1718.000
386.436	1716.000
387.220	1720.000
388.004	1717.000
388.788	1714.000
389.572	1718.000
390.355	1722.000
391.139	1720.000
391.922	1717.000
392.706	1712.000
393.489	1720.000
394.273	1717.000
395.056	1717.000
395.839	1714.000
396.622	1715.000
397.405	1712.000
398.188	1714.000
398.971	1715.000
399.754	1717.000
400.537	1724.000
401.319	1717.000
402.102	1719.000
402.885	1730.000
403.667	1740.000
404.450	1767.000
405.232	1790.000
406.014	1750.000
406.797	1724.000
407.579	1718.000
408.361	1718.000
409.143	1715.000
409.925	1717.000
410.707	1717.000
411.488	1714.000
412.270	1720.000
413.052	1715.000
413.833	1714.000
414.615	1714.000
415.397	1715.000
416.178	1716.000
416.959	1715.000
417.741	1716.000
418.522	1712.000
419.303	1713.000
420.084	1717.000
420.865	1718.000
421.646	1717.000
422.427	1712.000
423.207	1716.000
423.988	1718.000
424.769	1715.000
425.549	1717.000
426.330	1716.000
427.110	1720.000
427.891	1716.000
428.671	1715.000
429.451	1718.000
430.231	1717.000
431.011	1715.000
431.791	1714.000
432.571	1717.000
433.351	1715.000
434.131	1714.000
434.911	1718.000
435.690	1716.000
436.470	1719.000
437.250	1718.000
438.029	1710.000
438.808	1718.000
439.588	1718.000
440.367	1720.000
441.146	1716.000
441.925	1713.000
442.704	1717.000
443.483	1716.000
444.262	1713.000
445.041	1716.000
445.820	1718.000
446.598	1716.000
447.377	1713.000
448.156	1718.000
448.934	1727.000
449.712	1725.000
450.491	1730.000
451.269	1725.000
452.047	1733.000
452.825	1729.000
453.603	1735.000
454.381	1728.000
455.159	1725.000
455.937	1727.000
456.715	1725.000
457.493	1721.000
458.270	1725.000
459.048	1722.000
459.825	1724.000
460.603	1725.000
461.380	1724.000
462.157	1726.000
462.934	1724.000
463.712	1719.000
464.489	1722.000
465.266	1723.000
466.043	1721.000
466.819	1722.000
467.596	1722.000
468.373	1715.000
469.150	1719.000
469.926	1716.000
470.703	1720.000
471.479	1719.000
472.255	1720.000
473.032	1714.000
473.808	1715.000
474.584	1720.000
475.360	1718.000
476.136	1715.000
476.912	1720.000
477.688	1718.000
478.464	1720.000
479.239	1718.000
480.015	1719.000
480.790	1720.000
481.566	1717.000
482.341	1718.000
483.117	1719.000
483.892	1724.000
484.667	1722.000
485.442	1714.000
486.217	1716.000
486.992	1722.000
487.767	1726.000
488.542	1721.000
489.317	1715.000
490.091	1716.000
490.866	1720.000
491.641	1718.000
492.415	1716.000
493.190	1718.000
493.964	1717.000
494.738	1720.000
495.512	1719.000
496.286	1720.000
497.060	1717.000
497.834	1721.000
498.608	1719.000
499.382	1719.000
500.156	1717.000
500.930	1719.000
501.703	1718.000
502.477	1723.000
503.250	1719.000
504.024	1718.000
504.797	1724.000
505.570	1715.000
506.343	1718.000
507.116	1719.000
507.889	1715.000
508.662	1722.000
509.435	1720.000
510.208	1712.000
510.981	1720.000
511.754	1717.000
512.526	1717.000
513.299	1726.000
514.071	1718.000
514.843	1722.000
515.616	1725.000
516.388	1724.000
517.160	1722.000
517.932	1724.000
518.704	1724.000
519.476	1720.000
520.248	1720.000
521.020	1722.000
521.791	1722.000
522.563	1721.000
523.335	1722.000
524.106	1723.000
524.878	1726.000
525.649	1724.000
526.420	1721.000
527.191	1720.000
527.963	1725.000
528.734	1718.000
529.505	1727.000
530.275	1725.000
531.046	1727.000
531.817	1726.000
532.588	1726.000
533.358	1724.000
534.129	1727.000
534.899	1725.000
535.670	1728.000
536.440	1727.000
537.210	1726.000
537.980	1729.000
538.750	1724.000
539.520	1727.000
540.290	1719.000
541.060	1726.000
541.830	1725.000
542.600	1727.000
543.369	1720.000
544.139	1733.000
544.909	1722.000
545.678	1725.000
546.447	1730.000
547.217	1731.000
547.986	1723.000
548.755	1727.000
549.524	1727.000
550.293	1724.000
551.062	1727.000
551.831	1730.000
552.599	1727.000
553.368	1724.000
554.137	1729.000
554.905	1725.000
555.674	1733.000
556.442	1726.000
557.210	1728.000
557.979	1725.000
558.747	1725.000
559.515	1727.000
560.283	1724.000
561.051	1725.000
561.819	1729.000
562.586	1730.000
563.354	1724.000
564.122	1725.000
564.889	1728.000
565.657	1731.000
566.424	1727.000
567.191	1723.000
567.959	1725.000
568.726	1723.000
569.493	1727.000
570.260	1727.000
571.027	1723.000
571.794	1728.000
572.561	1729.000
573.327	1728.000
574.094	1728.000
574.860	1727.000
575.627	1733.000
576.393	1722.000
577.160	1729.000
577.926	1734.000
578.692	1733.000
579.458	1724.000
580.224	1733.000
580.990	1728.000
581.756	1727.000
582.522	1725.000
583.288	1730.000
584.053	1725.000
584.819	1732.000
585.585	1730.000
586.350	1730.000
587.115	1731.000
587.881	1729.000
588.646	1725.000
589.411	1729.000
590.176	1733.000
590.941	1722.000
591.706	1725.000
592.471	1727.000
593.235	1719.000
594.000	1729.000
594.765	1725.000
595.529	1726.000
596.294	1728.000
597.058	1730.000
597.822	1722.000
598.587	1729.000
599.351	1725.000
600.115	1729.000
600.879	1727.000
601.643	1726.000
602.406	1723.000
603.170	1726.000
603.934	1721.000
604.698	1727.000
605.461	1728.000
606.224	1728.000
606.988	1729.000
607.751	1725.000
608.514	1722.000
609.278	1730.000
610.041	1729.000
610.804	1727.000
611.566	1734.000
612.329	1726.000
613.092	1727.000
613.855	1718.000
614.617	1723.000
615.380	1724.000
616.142	1727.000
616.905	1720.000
617.667	1724.000
618.429	1724.000
619.191	1732.000
619.953	1720.000
620.715	1722.000
621.477	1722.000
622.239	1723.000
623.001	1727.000
623.763	1727.000
624.524	1726.000
625.286	1723.000
626.047	1723.000
626.808	1726.000
627.570	1722.000
628.331	1718.000
629.092	1723.000
629.853	1719.000
630.614	1727.000
631.375	1722.000
632.136	1724.000
632.896	1720.000
633.657	1719.000
634.418	1723.000
635.178	1723.000
635.939	1727.000
636.699	1718.000
637.459	1721.000
638.219	1722.000
638.980	1723.000
639.740	1718.000
640.500	1720.000
641.260	1714.000
642.019	1725.000
642.779	1714.000
643.539	1722.000
644.298	1726.000
645.058	1722.000
645.817	1722.000
646.576	1726.000
647.336	1719.000
648.095	1717.000
648.854	1725.000
649.613	1719.000
650.372	1722.000
651.131	1716.000
651.890	1718.000
652.648	1718.000
653.407	1725.000
654.165	1722.000
654.924	1720.000
655.682	1723.000
656.441	1722.000
657.199	1720.000
657.957	1721.000
658.715	1724.000
659.473	1717.000
660.231	1723.000
660.989	1720.000
661.747	1721.000
662.504	1722.000
663.262	1714.000
664.019	1720.000
664.777	1724.000
665.534	1717.000
666.291	1728.000
667.049	1724.000
667.806	1725.000
668.563	1724.000
669.320	1716.000
670.077	1721.000
670.833	1721.000
671.590	1723.000
672.347	1722.000
673.103	1717.000
673.860	1723.000
674.616	1722.000
675.373	1718.000
676.129	1720.000
676.885	1725.000
677.641	1722.000
678.397	1725.000
679.153	1726.000
679.909	1723.000
680.665	1729.000
681.420	1720.000
682.176	1723.000
682.931	1721.000
683.687	1730.000
684.442	1724.000
685.198	1724.000
685.953	1724.000
686.708	1726.000
687.463	1730.000
688.218	1724.000
688.973	1728.000
689.728	1728.000
690.482	1725.000
691.237	1724.000
691.992	1744.000
692.746	1729.000
693.500	1734.000
694.255	1730.000
695.009	1733.000
695.763	1731.000
696.517	1729.000
697.271	1729.000
698.025	1728.000
698.779	1735.000
699.533	1734.000
700.286	1738.000
701.040	1731.000
701.794	1729.000
702.547	1734.000
703.300	1739.000
704.054	1735.000
704.807	1741.000
705.560	1741.000
706.313	1741.000
707.066	1744.000
707.819	1746.000
708.572	1745.000
709.324	1743.000
710.077	1749.000
710.829	1741.000
711.582	1754.000
712.334	1752.000
713.087	1757.000
713.839	1751.000
714.591	1765.000
715.343	1758.000
716.095	1771.000
716.847	1765.000
717.599	1759.000
718.350	1765.000
719.102	1765.000
719.854	1770.000
720.605	1772.000
721.357	1778.000
722.108	1775.000
722.859	1783.000
723.610	1787.000
724.361	1796.000
725.112	1787.000
725.863	1797.000
726.614	1800.000
727.365	1805.000
728.116	1803.000
728.866	1814.000
729.617	1814.000
730.367	1815.000
731.117	1822.000
731.868	1832.000
732.618	1832.000
733.368	1849.000
734.118	1836.000
734.868	1858.000
735.618	1854.000
736.368	1857.000
737.117	1859.000
737.867	1877.000
738.616	1875.000
739.366	1885.000
740.115	1899.000
740.864	1900.000
741.614	1917.000
742.363	1917.000
743.112	1924.000
743.861	1925.000
744.610	1936.000
745.358	1942.000
746.107	1949.000
746.856	1965.000
747.604	1977.000
748.353	1976.000
749.101	1984.000
749.849	1985.000
750.598	1995.000
751.346	2013.000
752.094	2006.000
752.842	2018.000
753.589	2027.000
754.337	2032.000
755.085	2040.000
755.833	2051.000
756.580	2048.000
757.328	2065.000
758.075	2076.000
758.822	2076.000
759.569	2081.000
760.317	2083.000
761.064	2096.000
761.811	2100.000
762.557	2092.000
763.304	2110.000
764.051	2118.000
764.798	2106.000
765.544	2121.000
766.291	2115.000
767.037	2112.000
767.783	2125.000
768.529	2119.000
769.276	2138.000
770.022	2151.000
770.768	2142.000
771.513	2147.000
772.259	2160.000
773.005	2146.000
773.751	2144.000
774.496	2143.000
775.242	2152.000
775.987	2137.000
776.732	2135.000
777.477	2153.000
778.222	2147.000
778.968	2152.000
779.712	2142.000
780.457	2151.000
781.202	2139.000
781.947	2119.000
782.691	2132.000
783.436	2128.000
784.180	2117.000
784.925	2123.000
785.669	2119.000
786.413	2106.000
787.157	2109.000
787.901	2087.000
788.645	2079.000
789.389	2076.000
790.133	2086.000
790.877	2055.000
791.620	2071.000
792.364	2050.000
793.107	2051.000
793.850	2047.000
794.594	2035.000
795.337	2033.000
796.080	2016.000
796.823	1996.000
797.566	2013.000
798.309	2007.000
799.052	1998.000
799.794	1981.000
800.537	1974.000
801.279	1958.000
802.022	1956.000
802.764	1950.000
803.506	1950.000
804.248	1934.000
804.991	1930.000
805.732	1916.000
806.474	1917.000
807.216	1903.000
807.958	1901.000
808.700	1895.000
809.441	1885.000
810.183	1885.000
810.924	1873.000
811.665	1869.000
812.407	1865.000
813.148	1860.000
813.889	1850.000
814.630	1850.000
815.371	1837.000
816.111	1854.000
816.852	1839.000
817.593	1833.000
818.333	1830.000
819.074	1822.000
819.814	1824.000
820.554	1810.000
821.295	1814.000
822.035	1807.000
822.775	1797.000
823.515	1809.000
824.254	1801.000
824.994	1791.000
825.734	1788.000
826.474	1787.000
827.213	1782.000
827.952	1784.000
828.692	1780.000
829.431	1777.000
830.170	1774.000
830.909	1775.000
831.648	1769.000
832.387	1766.000
833.126	1769.000
833.865	1770.000
834.603	1765.000
835.342	1766.000
836.080	1759.000
836.819	1758.000
837.557	1759.000
838.295	1757.000
839.033	1750.000
839.771	1754.000
840.509	1748.000
841.247	1744.000
841.985	1747.000
842.723	1758.000
843.460	1744.000
844.198	1740.000
844.935	1741.000
845.673	1739.000
846.410	1744.000
847.147	1745.000
847.884	1738.000
848.621	1742.000
849.358	1734.000
850.095	1729.000
850.832	1735.000
851.568	1729.000
852.305	1734.000
853.041	1731.000
853.778	1730.000
854.514	1729.000
855.250	1725.000
855.986	1735.000
856.722	1730.000
857.458	1731.000
858.194	1727.000
858.930	1729.000
859.666	1727.000
860.401	1725.000
861.137	1729.000
861.872	1732.000
862.608	1726.000
863.343	1722.000
864.078	1729.000
864.813	1726.000
865.548	1725.000
866.283	1721.000
867.018	1727.000
867.753	1722.000
868.487	1729.000
869.222	1725.000
869.956	1722.000
870.691	1717.000
871.425	1723.000
872.159	1719.000
872.893	1727.000
873.627	1721.000
874.361	1723.000
875.095	1722.000
875.829	1717.000
876.562	1723.000
877.296	1717.000
878.030	1721.000
878.763	1720.000
879.496	1721.000
880.229	1721.000
880.963	1727.000
881.696	1714.000
882.429	1721.000
883.162	1720.000
883.894	1719.000
884.627	1718.000
885.360	1714.000
886.092	1722.000
886.825	1718.000
887.557	1718.000
888.289	1710.000
889.021	1725.000
889.753	1716.000
890.485	1720.000
891.217	1718.000
891.949	1719.000
892.681	1721.000
893.413	1721.000
894.144	1715.000
894.876	1714.000
895.607	1718.000
896.338	1719.000
897.069	1721.000
897.801	1745.000
898.532	1717.000
899.262	1713.000
899.993	1717.000
900.724	1718.000
901.455	1722.000
902.185	1715.000
902.916	1717.000
903.646	1717.000
904.376	1722.000
905.107	1716.000
905.837	1716.000
906.567	1715.000
907.297	1720.000
908.027	1720.000
908.756	1715.000
909.486	1713.000
910.216	1711.000
910.945	1721.000
911.675	1711.000
912.404	1720.000
913.133	1718.000
913.862	1726.000
914.591	1716.000
915.320	1719.000
916.049	1719.000
916.778	1718.000
917.507	1707.000
918.235	1719.000
918.964	1715.000
919.692	1716.000
920.420	1719.000
921.149	1719.000
921.877	1714.000
922.605	1713.000
923.333	1718.000
924.061	1716.000
924.789	1717.000
925.516	1715.000
926.244	1720.000
926.971	1712.000
927.699	1722.000
928.426	1719.000
929.153	1721.000
929.881	1719.000
930.608	1718.000
931.335	1718.000
932.062	1717.000
932.788	1715.000
933.515	1719.000
934.242	1713.000
934.968	1719.000
935.695	1719.000
936.421	1712.000
937.147	1715.000
937.873	1721.000
938.599	1725.000
939.325	1714.000
940.051	1717.000
940.777	1714.000
941.503	1717.000
942.228	1716.000
942.954	1723.000
943.679	1713.000
944.405	1719.000
945.130	1714.000
945.855	1716.000
946.580	1717.000
947.305	1716.000
948.030	1718.000
948.755	1715.000
949.480	1717.000
950.204	1721.000
950.929	1719.000
951.653	1714.000
952.378	1716.000
953.102	1718.000
953.826	1716.000
954.550	1711.000
955.274	1716.000
955.998	1712.000
956.722	1722.000
957.445	1720.000
958.169	1715.000
958.892	1718.000
959.616	1717.000
960.339	1715.000
961.062	1718.000
961.786	1731.000
962.509	1720.000
963.232	1720.000
963.955	1716.000
964.677	1721.000
965.400	1717.000
966.123	1718.000
966.845	1716.000
967.568	1719.000
968.290	1717.000
969.012	1722.000
969.734	1719.000
970.456	1718.000
971.178	1721.000
971.900	1717.000
972.622	1718.000
973.344	1726.000
974.065	1732.000
974.787	1717.000
975.508	1715.000
976.229	1718.000
976.951	1717.000
977.672	1718.000
978.393	1712.000
979.114	1718.000
979.834	1717.000
980.555	1712.000
981.276	1718.000
981.996	1716.000
982.717	1718.000
983.437	1717.000
984.158	1715.000
984.878	1718.000
985.598	1715.000
986.318	1721.000
987.038	1714.000
987.758	1718.000
988.477	1716.000
989.197	1716.000
989.917	1723.000
990.636	1713.000
991.355	1713.000
992.075	1716.000
992.794	1716.000
993.513	1722.000
994.232	1724.000
994.951	1719.000
995.670	1720.000
996.388	1714.000
997.107	1719.000
997.826	1722.000
998.544	1718.000
999.262	1713.000
999.980	1714.000
1000.699	1716.000
1001.417	1718.000
1002.135	1719.000
1002.853	1722.000
1003.570	1722.000
1004.288	1720.000
1005.006	1718.000
1005.723	1716.000
1006.440	1716.000
1007.158	1714.000
1007.875	1720.000
1008.592	1713.000
1009.309	1719.000
1010.026	1718.000
1010.743	1721.000
1011.460	1716.000
1012.176	1715.000
1012.893	1721.000
1013.609	1723.000
1014.326	1719.000
1015.042	1720.000
1015.758	1721.000
1016.474	1713.000
1017.190	1716.000
1017.906	1717.000
1018.622	1722.000
1019.338	1712.000
1020.053	1727.000
1020.769	1717.000
1021.484	1722.000
1022.200	1716.000
1022.915	1715.000
1023.630	1715.000
1024.345	1719.000
1025.060	1715.000
1025.775	1716.000
1026.490	1719.000
1027.204	1715.000
1027.919	1720.000
1028.633	1718.000
1029.348	1720.000
1030.062	1715.000
1030.776	1709.000
1031.490	1713.000
1032.204	1714.000
1032.918	1708.000
1033.632	1714.000
1034.346	1712.000
1035.059	1703.000
1035.773	1699.000
1036.486	1700.000
1037.200	1702.000
