wavelength	counts
247.432	1718.000
248.227	1705.000
249.023	1702.000
249.818	1697.000
250.613	1710.000
251.408	1706.000
252.203	1706.000
252.999	1710.000
253.794	1715.000
254.588	1715.000
255.383	1714.000
256.178	1711.000
256.973	1712.000
257.768	1719.000
258.562	1716.000
259.357	1714.000
260.151	1717.000
260.946	1714.000
261.740	1716.000
262.534	1714.000
263.328	1716.000
264.123	1717.000
264.917	1712.000
265.711	1712.000
266.505	1710.000
267.299	1714.000
268.093	1712.000
268.886	1715.000
269.680	1714.000
270.474	1719.000
271.267	1717.000
272.061	1717.000
272.854	1718.000
273.648	1718.000
274.441	1719.000
275.234	1718.000
276.028	1720.000
276.821	1723.000
277.614	1719.000
278.407	1717.000
279.200	1717.000
279.993	1718.000
280.786	1716.000
281.578	1715.000
282.371	1719.000
283.164	1715.000
283.956	1718.000
284.749	1711.000
285.541	1720.000
286.334	1713.000
287.126	1718.000
287.918	1717.000
288.710	1717.000
289.503	1720.000
290.295	1709.000
291.087	1718.000
291.879	1717.000
292.670	1719.000
293.462	1712.000
294.254	1721.000
295.046	1720.000
295.837	1717.000
296.629	1717.000
297.420	1720.000
298.212	1719.000
299.003	1718.000
299.794	1711.000
300.586	1720.000
301.377	1711.000
302.168	1716.000
302.959	1715.000
303.750	1715.000
304.541	1714.000
305.332	1713.000
306.123	1714.000
306.913	1717.000
307.704	1717.000
308.494	1717.000
309.285	1717.000
310.075	1715.000
310.866	1721.000
311.656	1717.000
312.446	1724.000
313.237	1717.000
314.027	1716.000
314.817	1706.000
315.607	1714.000
316.397	1716.000
317.187	1717.000
317.976	1723.000
318.766	1712.000
319.556	1719.000
320.345	1717.000
321.135	1716.000
321.924	1716.000
322.714	1718.000
323.503	1719.000
324.293	1715.000
325.082	1716.000
325.871	1717.000
326.660	1723.000
327.449	1720.000
328.238	1718.000
329.027	1727.000
329.816	1718.000
330.604	1715.000
331.393	1723.000
332.182	1714.000
332.970	1719.000
333.759	1716.000
334.547	1723.000
335.336	1718.000
336.124	1716.000
336.912	1714.000
337.700	1717.000
338.488	1713.000
339.276	1714.000
340.064	1716.000
340.852	1720.000
341.640	1721.000
342.428	1718.000
343.216	1719.000
344.003	1719.000
344.791	1716.000
345.578	1718.000
346.366	1722.000
347.153	1714.000
347.940	1718.000
348.728	1716.000
349.515	1721.000
350.302	1720.000
351.089	1715.000
351.876	1714.000
352.663	1716.000
353.450	1713.000
354.236	1717.000
355.023	1722.000
355.810	1714.000
356.596	1721.000
357.383	1715.000
358.169	1718.000
358.956	1716.000
359.742	1718.000
360.528	1719.000
361.314	1718.000
362.100	1717.000
362.886	1724.000
363.672	1716.000
364.458	1714.000
365.244	1714.000
366.030	1714.000
366.816	1715.000
367.601	1711.000
368.387	1715.000
369.172	1717.000
369.958	1715.000
370.743	1716.000
371.528	1718.000
372.314	1712.000
373.099	1722.000
373.884	1715.000
374.669	1717.000
375.454	1712.000
376.239	1717.000
377.024	1720.000
377.808	1715.000
378.593	1715.000
379.378	1721.000
380.162	1720.000
380.947	1708.000
381.731	1721.000
382.515	1713.000
383.300	1719.000
384.084	1711.000
384.868	1719.000
385.652	1714.000
386.436	1716.000
387.220	1717.000
388.004	1714.000
388.788	1714.000
389.572	1717.000
390.355	1716.000
391.139	1715.000
391.922	1712.000
392.706	1712.000
393.489	1711.000
394.273	1713.000
395.056	1717.000
395.839	1712.000
396.622	1713.000
397.405	1714.000
398.188	1717.000
398.971	1716.000
399.754	1714.000
400.537	1716.000
401.319	1719.000
402.102	1718.000
402.885	1723.000
403.667	1719.000
404.450	1733.000
405.232	1734.000
406.014	1725.000
406.797	1721.000
407.579	1716.000
408.361	1718.000
409.143	1718.000
409.925	1713.000
410.707	1715.000
411.488	1718.000
412.270	1713.000
413.052	1718.000
413.833	1712.000
414.615	1718.000
415.397	1716.000
416.178	1716.000
416.959	1715.000
417.741	1718.000
418.522	1714.000
419.303	1716.000
420.084	1715.000
420.865	1718.000
421.646	1714.000
422.427	1716.000
423.207	1715.000
423.988	1714.000
424.769	1713.000
425.549	1712.000
426.330	1715.000
427.110	1716.000
427.891	1714.000
428.671	1716.000
429.451	1715.000
430.231	1718.000
431.011	1717.000
431.791	1715.000
432.571	1715.000
433.351	1716.000
434.131	1713.000
434.911	1714.000
435.690	1719.000
436.470	1715.000
437.250	1717.000
438.029	1719.000
438.808	1711.000
439.588	1717.000
440.367	1718.000
441.146	1717.000
441.925	1719.000
442.704	1715.000
443.483	1717.000
444.262	1718.000
445.041	1717.000
445.820	1717.000
446.598	1723.000
447.377	1720.000
448.156	1719.000
448.934	1723.000
449.712	1730.000
450.491	1722.000
451.269	1730.000
452.047	1723.000
452.825	1726.000
453.603	1729.000
454.381	1732.000
455.159	1730.000
455.937	1729.000
456.715	1726.000
457.493	1730.000
458.270	1722.000
459.048	1724.000
459.825	1732.000
460.603	1726.000
461.380	1725.000
462.157	1727.000
462.934	1726.000
463.712	1723.000
464.489	1723.000
465.266	1726.000
466.043	1725.000
466.819	1723.000
467.596	1722.000
468.373	1719.000
469.150	1723.000
469.926	1721.000
470.703	1720.000
471.479	1719.000
472.255	1723.000
473.032	1719.000
473.808	1721.000
474.584	1724.000
475.360	1715.000
476.136	1719.000
476.912	1720.000
477.688	1720.000
478.464	1724.000
479.239	1719.000
480.015	1715.000
480.790	1723.000
481.566	1720.000
482.341	1718.000
483.117	1717.000
483.892	1723.000
484.667	1717.000
485.442	1718.000
486.217	1716.000
486.992	1723.000
487.767	1726.000
488.542	1718.000
489.317	1721.000
490.091	1720.000
490.866	1719.000
491.641	1721.000
492.415	1719.000
493.190	1719.000
493.964	1719.000
494.738	1720.000
495.512	1719.000
496.286	1716.000
497.060	1715.000
497.834	1721.000
498.608	1718.000
499.382	1722.000
500.156	1720.000
500.930	1725.000
501.703	1721.000
502.477	1726.000
503.250	1723.000
504.024	1720.000
504.797	1718.000
505.570	1722.000
506.343	1724.000
507.116	1719.000
507.889	1723.000
508.662	1723.000
509.435	1726.000
510.208	1721.000
510.981	1719.000
511.754	1717.000
512.526	1725.000
513.299	1724.000
514.071	1722.000
514.843	1720.000
515.616	1732.000
516.388	1726.000
517.160	1725.000
517.932	1727.000
518.704	1726.000
519.476	1722.000
520.248	1720.000
521.020	1725.000
521.791	1723.000
522.563	1725.000
523.335	1726.000
524.106	1727.000
524.878	1723.000
525.649	1722.000
526.420	1721.000
527.191	1726.000
527.963	1723.000
528.734	1729.000
529.505	1730.000
530.275	1729.000
531.046	1729.000
531.817	1723.000
532.588	1727.000
533.358	1727.000
534.129	1732.000
534.899	1729.000
535.670	1733.000
536.440	1725.000
537.210	1732.000
537.980	1726.000
538.750	1729.000
539.520	1729.000
540.290	1725.000
541.060	1733.000
541.830	1735.000
542.600	1735.000
543.369	1735.000
544.139	1735.000
544.909	1735.000
545.678	1732.000
546.447	1729.000
547.217	1730.000
547.986	1727.000
548.755	1730.000
549.524	1727.000
550.293	1731.000
551.062	1731.000
551.831	1731.000
552.599	1734.000
553.368	1729.000
554.137	1737.000
554.905	1725.000
555.674	1734.000
556.442	1727.000
557.210	1732.000
557.979	1729.000
558.747	1728.000
559.515	1735.000
560.283	1737.000
561.051	1733.000
561.819	1733.000
562.586	1737.000
563.354	1729.000
564.122	1732.000
564.889	1731.000
565.657	1730.000
566.424	1732.000
567.191	1728.000
567.959	1726.000
568.726	1733.000
569.493	1738.000
570.260	1737.000
571.027	1730.000
571.794	1737.000
572.561	1723.000
573.327	1736.000
574.094	1731.000
574.860	1728.000
575.627	1730.000
576.393	1731.000
577.160	1732.000
577.926	1740.000
578.692	1731.000
579.458	1735.000
580.224	1729.000
580.990	1733.000
581.756	1735.000
582.522	1733.000
583.288	1735.000
584.053	1732.000
584.819	1737.000
585.585	1731.000
586.350	1731.000
587.115	1728.000
587.881	1731.000
588.646	1729.000
589.411	1731.000
590.176	1740.000
590.941	1731.000
591.706	1730.000
592.471	1735.000
593.235	1727.000
594.000	1731.000
594.765	1730.000
595.529	1734.000
596.294	1742.000
597.058	1727.000
597.822	1734.000
598.587	1729.000
599.351	1736.000
600.115	1734.000
600.879	1728.000
601.643	1721.000
602.406	1729.000
603.170	1731.000
603.934	1730.000
604.698	1731.000
605.461	1730.000
606.224	1722.000
606.988	1728.000
607.751	1730.000
608.514	1728.000
609.278	1733.000
610.041	1729.000
610.804	1737.000
611.566	1743.000
612.329	1739.000
613.092	1735.000
613.855	1730.000
614.617	1732.000
615.380	1732.000
616.142	1728.000
616.905	1727.000
617.667	1731.000
618.429	1729.000
619.191	1729.000
619.953	1729.000
620.715	1728.000
621.477	1726.000
622.239	1728.000
623.001	1725.000
623.763	1727.000
624.524	1731.000
625.286	1730.000
626.047	1729.000
626.808	1727.000
627.570	1724.000
628.331	1732.000
629.092	1724.000
629.853	1730.000
630.614	1723.000
631.375	1731.000
632.136	1727.000
632.896	1721.000
633.657	1726.000
634.418	1728.000
635.178	1726.000
635.939	1720.000
636.699	1723.000
637.459	1727.000
638.219	1726.000
638.980	1727.000
639.740	1723.000
640.500	1727.000
641.260	1724.000
642.019	1726.000
642.779	1727.000
643.539	1729.000
644.298	1724.000
645.058	1726.000
645.817	1724.000
646.576	1732.000
647.336	1720.000
648.095	1726.000
648.854	1721.000
649.613	1730.000
650.372	1723.000
651.131	1725.000
651.890	1723.000
652.648	1723.000
653.407	1721.000
654.165	1720.000
654.924	1727.000
655.682	1721.000
656.441	1724.000
657.199	1720.000
657.957	1723.000
658.715	1721.000
659.473	1721.000
660.231	1722.000
660.989	1721.000
661.747	1720.000
662.504	1725.000
663.262	1722.000
664.019	1724.000
664.777	1725.000
665.534	1727.000
666.291	1727.000
667.049	1727.000
667.806	1724.000
668.563	1725.000
669.320	1718.000
670.077	1724.000
670.833	1722.000
671.590	1725.000
672.347	1724.000
673.103	1720.000
673.860	1727.000
674.616	1722.000
675.373	1723.000
676.129	1727.000
676.885	1726.000
677.641	1717.000
678.397	1726.000
679.153	1724.000
679.909	1727.000
680.665	1722.000
681.420	1718.000
682.176	1725.000
682.931	1721.000
683.687	1729.000
684.442	1723.000
685.198	1721.000
685.953	1719.000
686.708	1723.000
687.463	1723.000
688.218	1723.000
688.973	1720.000
689.728	1713.000
690.482	1722.000
691.237	1724.000
691.992	1736.000
692.746	1723.000
693.500	1730.000
694.255	1731.000
695.009	1732.000
695.763	1730.000
696.517	1727.000
697.271	1723.000
698.025	1726.000
698.779	1723.000
699.533	1723.000
700.286	1719.000
701.040	1719.000
701.794	1721.000
702.547	1723.000
703.300	1723.000
704.054	1722.000
704.807	1722.000
705.560	1721.000
706.313	1723.000
707.066	1720.000
707.819	1728.000
708.572	1725.000
709.324	1722.000
710.077	1717.000
710.829	1720.000
711.582	1725.000
712.334	1726.000
713.087	1718.000
713.839	1725.000
714.591	1720.000
715.343	1723.000
716.095	1728.000
716.847	1712.000
717.599	1722.000
718.350	1717.000
719.102	1720.000
719.854	1720.000
720.605	1721.000
721.357	1719.000
722.108	1729.000
722.859	1723.000
723.610	1724.000
724.361	1723.000
725.112	1719.000
725.863	1717.000
726.614	1718.000
727.365	1719.000
728.116	1716.000
728.866	1723.000
729.617	1718.000
730.367	1719.000
731.117	1716.000
731.868	1720.000
732.618	1722.000
733.368	1721.000
734.118	1717.000
734.868	1722.000
735.618	1719.000
736.368	1723.000
737.117	1723.000
737.867	1714.000
738.616	1720.000
739.366	1714.000
740.115	1718.000
740.864	1720.000
741.614	1730.000
742.363	1723.000
743.112	1721.000
743.861	1720.000
744.610	1723.000
745.358	1717.000
746.107	1723.000
746.856	1720.000
747.604	1716.000
748.353	1719.000
749.101	1719.000
749.849	1725.000
750.598	1720.000
751.346	1713.000
752.094	1713.000
752.842	1722.000
753.589	1714.000
754.337	1721.000
755.085	1713.000
755.833	1716.000
756.580	1712.000
757.328	1719.000
758.075	1715.000
758.822	1715.000
759.569	1709.000
760.317	1713.000
761.064	1715.000
761.811	1719.000
762.557	1712.000
763.304	1714.000
764.051	1721.000
764.798	1718.000
765.544	1718.000
766.291	1715.000
767.037	1712.000
767.783	1713.000
768.529	1719.000
769.276	1715.000
770.022	1717.000
770.768	1712.000
771.513	1721.000
772.259	1720.000
773.005	1717.000
773.751	1717.000
774.496	1721.000
775.242	1717.000
775.987	1717.000
776.732	1717.000
777.477	1715.000
778.222	1715.000
778.968	1721.000
779.712	1716.000
780.457	1714.000
781.202	1721.000
781.947	1719.000
782.691	1720.000
783.436	1712.000
784.180	1719.000
784.925	1716.000
785.669	1711.000
786.413	1717.000
787.157	1720.000
787.901	1716.000
788.645	1716.000
789.389	1714.000
790.133	1719.000
790.877	1716.000
791.620	1711.000
792.364	1721.000
793.107	1713.000
793.850	1715.000
794.594	1717.000
795.337	1719.000
796.080	1717.000
796.823	1715.000
797.566	1711.000
798.309	1715.000
799.052	1713.000
799.794	1715.000
800.537	1719.000
801.279	1713.000
802.022	1722.000
802.764	1713.000
803.506	1711.000
804.248	1718.000
804.991	1716.000
805.732	1720.000
806.474	1719.000
807.216	1716.000
807.958	1717.000
808.700	1715.000
809.441	1715.000
810.183	1711.000
810.924	1715.000
811.665	1717.000
812.407	1714.000
813.148	1717.000
813.889	1713.000
814.630	1719.000
815.371	1713.000
816.111	1716.000
816.852	1714.000
817.593	1716.000
818.333	1720.000
819.074	1715.000
819.814	1712.000
820.554	1713.000
821.295	1715.000
822.035	1718.000
822.775	1714.000
823.515	1714.000
824.254	1714.000
824.994	1708.000
825.734	1717.000
826.474	1718.000
827.213	1717.000
827.952	1714.000
828.692	1712.000
829.431	1710.000
830.170	1718.000
830.909	1712.000
831.648	1715.000
832.387	1715.000
833.126	1713.000
833.865	1723.000
834.603	1717.000
835.342	1718.000
836.080	1714.000
836.819	1714.000
837.557	1710.000
838.295	1712.000
839.033	1713.000
839.771	1715.000
840.509	1714.000
841.247	1717.000
841.985	1712.000
842.723	1730.000
843.460	1715.000
844.198	1721.000
844.935	1715.000
845.673	1714.000
846.410	1716.000
847.147	1713.000
847.884	1712.000
848.621	1713.000
849.358	1715.000
850.095	1712.000
850.832	1714.000
851.568	1713.000
852.305	1719.000
853.041	1716.000
853.778	1716.000
854.514	1708.000
855.250	1717.000
855.986	1711.000
856.722	1712.000
857.458	1716.000
858.194	1718.000
858.930	1715.000
859.666	1711.000
860.401	1712.000
861.137	1715.000
861.872	1714.000
862.608	1709.000
863.343	1713.000
864.078	1714.000
864.813	1721.000
865.548	1714.000
866.283	1714.000
867.018	1713.000
867.753	1710.000
868.487	1714.000
869.222	1714.000
869.956	1719.000
870.691	1717.000
871.425	1713.000
872.159	1714.000
872.893	1721.000
873.627	1713.000
874.361	1720.000
875.095	1715.000
875.829	1719.000
876.562	1715.000
877.296	1714.000
878.030	1714.000
878.763	1720.000
879.496	1713.000
880.229	1718.000
880.963	1716.000
881.696	1710.000
882.429	1720.000
883.162	1721.000
883.894	1715.000
884.627	1715.000
885.360	1713.000
886.092	1718.000
886.825	1719.000
887.557	1716.000
888.289	1713.000
889.021	1720.000
889.753	1718.000
890.485	1710.000
891.217	1715.000
891.949	1716.000
892.681	1715.000
893.413	1714.000
894.144	1709.000
894.876	1718.000
895.607	1714.000
896.338	1723.000
897.069	1713.000
897.801	1748.000
898.532	1714.000
899.262	1720.000
899.993	1716.000
900.724	1715.000
901.455	1712.000
902.185	1715.000
902.916	1720.000
903.646	1715.000
904.376	1716.000
905.107	1716.000
905.837	1718.000
906.567	1719.000
907.297	1718.000
908.027	1713.000
908.756	1716.000
909.486	1714.000
910.216	1717.000
910.945	1716.000
911.675	1718.000
912.404	1713.000
913.133	1712.000
913.862	1713.000
914.591	1714.000
915.320	1715.000
916.049	1719.000
916.778	1709.000
917.507	1716.000
918.235	1716.000
918.964	1710.000
919.692	1720.000
920.420	1718.000
921.149	1715.000
921.877	1710.000
922.605	1711.000
923.333	1712.000
924.061	1714.000
924.789	1715.000
925.516	1718.000
926.244	1715.000
926.971	1721.000
927.699	1715.000
928.426	1720.000
929.153	1715.000
929.881	1713.000
930.608	1717.000
931.335	1717.000
932.062	1719.000
932.788	1715.000
933.515	1724.000
934.242	1712.000
934.968	1719.000
935.695	1710.000
936.421	1721.000
937.147	1716.000
937.873	1722.000
938.599	1716.000
939.325	1718.000
940.051	1713.000
940.777	1717.000
941.503	1715.000
942.228	1717.000
942.954	1720.000
943.679	1718.000
944.405	1720.000
945.130	1715.000
945.855	1718.000
946.580	1718.000
947.305	1721.000
948.030	1718.000
948.755	1720.000
949.480	1713.000
950.204	1715.000
950.929	1714.000
951.653	1715.000
952.378	1716.000
953.102	1713.000
953.826	1723.000
954.550	1713.000
955.274	1718.000
955.998	1715.000
956.722	1716.000
957.445	1718.000
958.169	1717.000
958.892	1710.000
959.616	1718.000
960.339	1710.000
961.062	1719.000
961.786	1732.000
962.509	1717.000
963.232	1712.000
963.955	1715.000
964.677	1725.000
965.400	1717.000
966.123	1718.000
966.845	1711.000
967.568	1712.000
968.290	1719.000
969.012	1727.000
969.734	1717.000
970.456	1718.000
971.178	1719.000
971.900	1718.000
972.622	1716.000
973.344	1729.000
974.065	1727.000
974.787	1719.000
975.508	1714.000
976.229	1719.000
976.951	1717.000
977.672	1719.000
978.393	1710.000
979.114	1713.000
979.834	1722.000
980.555	1716.000
981.276	1717.000
981.996	1716.000
982.717	1722.000
983.437	1717.000
984.158	1719.000
984.878	1718.000
985.598	1716.000
986.318	1711.000
987.038	1716.000
987.758	1720.000
988.477	1715.000
989.197	1715.000
989.917	1724.000
990.636	1714.000
991.355	1719.000
992.075	1718.000
992.794	1713.000
993.513	1720.000
994.232	1715.000
994.951	1720.000
995.670	1718.000
996.388	1723.000
997.107	1712.000
997.826	1716.000
998.544	1716.000
999.262	1717.000
999.980	1716.000
1000.699	1718.000
1001.417	1717.000
1002.135	1718.000
1002.853	1718.000
1003.570	1719.000
1004.288	1719.000
1005.006	1713.000
1005.723	1724.000
1006.440	1719.000
1007.158	1716.000
1007.875	1720.000
1008.592	1718.000
1009.309	1720.000
1010.026	1716.000
1010.743	1722.000
1011.460	1720.000
1012.176	1722.000
1012.893	1722.000
1013.609	1719.000
1014.326	1716.000
1015.042	1723.000
1015.758	1723.000
1016.474	1720.000
1017.190	1714.000
1017.906	1718.000
1018.622	1723.000
1019.338	1717.000
1020.053	1718.000
1020.769	1720.000
1021.484	1716.000
1022.200	1719.000
1022.915	1716.000
1023.630	1721.000
1024.345	1721.000
1025.060	1713.000
1025.775	1719.000
1026.490	1714.000
1027.204	1713.000
1027.919	1715.000
1028.633	1717.000
1029.348	1714.000
1030.062	1716.000
1030.776	1714.000
1031.490	1710.000
1032.204	1711.000
1032.918	1714.000
1033.632	1714.000
1034.346	1708.000
1035.059	1694.000
1035.773	1700.000
1036.486	1703.000
1037.200	1700.000
