wavelength	counts
247.432	1721.000
248.227	1706.000
249.023	1704.000
249.818	1703.000
250.613	1705.000
251.408	1713.000
252.203	1707.000
252.999	1710.000
253.794	1712.000
254.588	1714.000
255.383	1716.000
256.178	1713.000
256.973	1719.000
257.768	1710.000
258.562	1718.000
259.357	1712.000
260.151	1721.000
260.946	1718.000
261.740	1721.000
262.534	1715.000
263.328	1718.000
264.123	1717.000
264.917	1714.000
265.711	1714.000
266.505	1718.000
267.299	1718.000
268.093	1715.000
268.886	1722.000
269.680	1719.000
270.474	1718.000
271.267	1712.000
272.061	1720.000
272.854	1716.000
273.648	1718.000
274.441	1714.000
275.234	1715.000
276.028	1715.000
276.821	1723.000
277.614	1718.000
278.407	1719.000
279.200	1712.000
279.993	1716.000
280.786	1718.000
281.578	1715.000
282.371	1720.000
283.164	1717.000
283.956	1720.000
284.749	1715.000
285.541	1721.000
286.334	1714.000
287.126	1711.000
287.918	1717.000
288.710	1715.000
289.503	1715.000
290.295	1720.000
291.087	1715.000
291.879	1716.000
292.670	1718.000
293.462	1718.000
294.254	1722.000
295.046	1723.000
295.837	1718.000
296.629	1714.000
297.420	1716.000
298.212	1712.000
299.003	1718.000
299.794	1721.000
300.586	1715.000
301.377	1716.000
302.168	1720.000
302.959	1723.000
303.750	1724.000
304.541	1717.000
305.332	1716.000
306.123	1711.000
306.913	1715.000
307.704	1715.000
308.494	1716.000
309.285	1715.000
310.075	1716.000
310.866	1723.000
311.656	1717.000
312.446	1720.000
313.237	1714.000
314.027	1714.000
314.817	1716.000
315.607	1720.000
316.397	1720.000
317.187	1718.000
317.976	1720.000
318.766	1719.000
319.556	1716.000
320.345	1722.000
321.135	1710.000
321.924	1720.000
322.714	1714.000
323.503	1715.000
324.293	1718.000
325.082	1716.000
325.871	1723.000
326.660	1719.000
327.449	1721.000
328.238	1719.000
329.027	1725.000
329.816	1715.000
330.604	1721.000
331.393	1721.000
332.182	1719.000
332.970	1720.000
333.759	1712.000
334.547	1721.000
335.336	1716.000
336.124	1713.000
336.912	1718.000
337.700	1720.000
338.488	1721.000
339.276	1722.000
340.064	1712.000
340.852	1717.000
341.640	1711.000
342.428	1719.000
343.216	1716.000
344.003	1720.000
344.791	1714.000
345.578	1716.000
346.366	1721.000
347.153	1722.000
347.940	1718.000
348.728	1717.000
349.515	1718.000
350.302	1722.000
351.089	1718.000
351.876	1713.000
352.663	1719.000
353.450	1714.000
354.236	1715.000
355.023	1715.000
355.810	1718.000
356.596	1717.000
357.383	1720.000
358.169	1717.000
358.956	1718.000
359.742	1713.000
360.528	1718.000
361.314	1720.000
362.100	1714.000
362.886	1718.000
363.672	1721.000
364.458	1712.000
365.244	1712.000
366.030	1720.000
366.816	1718.000
367.601	1715.000
368.387	1717.000
369.172	1719.000
369.958	1717.000
370.743	1722.000
371.528	1720.000
372.314	1713.000
373.099	1710.000
373.884	1712.000
374.669	1715.000
375.454	1716.000
376.239	1720.000
377.024	1714.000
377.808	1717.000
378.593	1714.000
379.378	1717.000
380.162	1718.000
380.947	1716.000
381.731	1713.000
382.515	1719.000
383.300	1720.000
384.084	1713.000
384.868	1715.000
385.652	1715.000
386.436	1713.000
387.220	1716.000
388.004	1714.000
388.788	1715.000
389.572	1720.000
390.355	1720.000
391.139	1718.000
391.922	1710.000
392.706	1714.000
393.489	1712.000
394.273	1718.000
395.056	1713.000
395.839	1719.000
396.622	1716.000
397.405	1714.000
398.188	1715.000
398.971	1711.000
399.754	1721.000
400.537	1715.000
401.319	1722.000
402.102	1715.000
402.885	1728.000
403.667	1738.000
404.450	1774.000
405.232	1792.000
406.014	1752.000
406.797	1724.000
407.579	1716.000
408.361	1715.000
409.143	1721.000
409.925	1716.000
410.707	1716.000
411.488	1717.000
412.270	1715.000
413.052	1717.000
413.833	1716.000
414.615	1713.000
415.397	1711.000
416.178	1720.000
416.959	1715.000
417.741	1714.000
418.522	1714.000
419.303	1717.000
420.084	1715.000
420.865	1721.000
421.646	1713.000
422.427	1711.000
423.207	1716.000
423.988	1711.000
424.769	1716.000
425.549	1714.000
426.330	1710.000
427.110	1717.000
427.891	1718.000
428.671	1715.000
429.451	1720.000
430.231	1710.000
431.011	1721.000
431.791	1714.000
432.571	1712.000
433.351	1716.000
434.131	1717.000
434.911	1716.000
435.690	1713.000
436.470	1717.000
437.250	1715.000
438.029	1720.000
438.808	1719.000
439.588	1718.000
440.367	1717.000
441.146	1712.000
441.925	1717.000
442.704	1718.000
443.483	1716.000
444.262	1719.000
445.041	1714.000
445.820	1717.000
446.598	1717.000
447.377	1717.000
448.156	1720.000
448.934	1724.000
449.712	1726.000
450.491	1727.000
451.269	1726.000
452.047	1730.000
452.825	1723.000
453.603	1728.000
454.381	1730.000
455.159	1729.000
455.937	1730.000
456.715	1724.000
457.493	1725.000
458.270	1722.000
459.048	1721.000
459.825	1727.000
460.603	1719.000
461.380	1723.000
462.157	1724.000
462.934	1724.000
463.712	1723.000
464.489	1721.000
465.266	1721.000
466.043	1720.000
466.819	1718.000
467.596	1720.000
468.373	1721.000
469.150	1720.000
469.926	1719.000
470.703	1725.000
471.479	1724.000
472.255	1720.000
473.032	1721.000
473.808	1718.000
474.584	1717.000
475.360	1715.000
476.136	1720.000
476.912	1714.000
477.688	1721.000
478.464	1715.000
479.239	1720.000
480.015	1713.000
480.790	1721.000
481.566	1717.000
482.341	1723.000
483.117	1719.000
483.892	1718.000
484.667	1722.000
485.442	1716.000
486.217	1719.000
486.992	1718.000
487.767	1723.000
488.542	1720.000
489.317	1717.000
490.091	1719.000
490.866	1724.000
491.641	1717.000
492.415	1720.000
493.190	1718.000
493.964	1719.000
494.738	1716.000
495.512	1721.000
496.286	1718.000
497.060	1714.000
497.834	1722.000
498.608	1718.000
499.382	1723.000
500.156	1718.000
500.930	1714.000
501.703	1716.000
502.477	1726.000
503.250	1723.000
504.024	1722.000
504.797	1717.000
505.570	1718.000
506.343	1715.000
507.116	1721.000
507.889	1720.000
508.662	1722.000
509.435	1723.000
510.208	1716.000
510.981	1720.000
511.754	1718.000
512.526	1721.000
513.299	1717.000
514.071	1718.000
514.843	1723.000
515.616	1731.000
516.388	1720.000
517.160	1722.000
517.932	1719.000
518.704	1723.000
519.476	1715.000
520.248	1718.000
521.020	1728.000
521.791	1717.000
522.563	1722.000
523.335	1724.000
524.106	1725.000
524.878	1721.000
525.649	1720.000
526.420	1722.000
527.191	1724.000
527.963	1718.000
528.734	1723.000
529.505	1723.000
530.275	1726.000
531.046	1723.000
531.817	1722.000
532.588	1726.000
533.358	1730.000
534.129	1727.000
534.899	1725.000
535.670	1722.000
536.440	1728.000
537.210	1730.000
537.980	1724.000
538.750	1726.000
539.520	1723.000
540.290	1724.000
541.060	1724.000
541.830	1729.000
542.600	1726.000
543.369	1730.000
544.139	1728.000
544.909	1733.000
545.678	1731.000
546.447	1728.000
547.217	1725.000
547.986	1729.000
548.755	1730.000
549.524	1723.000
550.293	1729.000
551.062	1729.000
551.831	1726.000
552.599	1728.000
553.368	1725.000
554.137	1730.000
554.905	1724.000
555.674	1725.000
556.442	1726.000
557.210	1728.000
557.979	1720.000
558.747	1725.000
559.515	1727.000
560.283	1728.000
561.051	1725.000
561.819	1726.000
562.586	1728.000
563.354	1720.000
564.122	1725.000
564.889	1730.000
565.657	1726.000
566.424	1731.000
567.191	1726.000
567.959	1723.000
568.726	1724.000
569.493	1732.000
570.260	1725.000
571.027	1724.000
571.794	1731.000
572.561	1728.000
573.327	1726.000
574.094	1731.000
574.860	1723.000
575.627	1728.000
576.393	1730.000
577.160	1725.000
577.926	1736.000
578.692	1728.000
579.458	1724.000
580.224	1730.000
580.990	1722.000
581.756	1729.000
582.522	1731.000
583.288	1727.000
584.053	1721.000
584.819	1725.000
585.585	1726.000
586.350	1729.000
587.115	1730.000
587.881	1725.000
588.646	1727.000
589.411	1729.000
590.176	1728.000
590.941	1731.000
591.706	1724.000
592.471	1725.000
593.235	1729.000
594.000	1729.000
594.765	1725.000
595.529	1728.000
596.294	1734.000
597.058	1729.000
597.822	1726.000
598.587	1728.000
599.351	1730.000
600.115	1729.000
600.879	1731.000
601.643	1724.000
602.406	1723.000
603.170	1730.000
603.934	1729.000
604.698	1720.000
605.461	1725.000
606.224	1724.000
606.988	1731.000
607.751	1726.000
608.514	1725.000
609.278	1725.000
610.041	1727.000
610.804	1731.000
611.566	1732.000
612.329	1728.000
613.092	1732.000
613.855	1730.000
614.617	1721.000
615.380	1731.000
616.142	1722.000
616.905	1728.000
617.667	1725.000
618.429	1726.000
619.191	1727.000
619.953	1728.000
620.715	1725.000
621.477	1723.000
622.239	1721.000
623.001	1724.000
623.763	1727.000
624.524	1724.000
625.286	1725.000
626.047	1722.000
626.808	1718.000
627.570	1720.000
628.331	1727.000
629.092	1724.000
629.853	1723.000
630.614	1725.000
631.375	1726.000
632.136	1719.000
632.896	1721.000
633.657	1719.000
634.418	1719.000
635.178	1723.000
635.939	1718.000
636.699	1725.000
637.459	1720.000
638.219	1724.000
638.980	1719.000
639.740	1725.000
640.500	1721.000
641.260	1718.000
642.019	1721.000
642.779	1718.000
643.539	1722.000
644.298	1720.000
645.058	1717.000
645.817	1718.000
646.576	1727.000
647.336	1723.000
648.095	1722.000
648.854	1719.000
649.613	1722.000
650.372	1719.000
651.131	1724.000
651.890	1719.000
652.648	1720.000
653.407	1719.000
654.165	1724.000
654.924	1719.000
655.682	1722.000
656.441	1721.000
657.199	1722.000
657.957	1721.000
658.715	1721.000
659.473	1722.000
660.231	1728.000
660.989	1726.000
661.747	1723.000
662.504	1727.000
663.262	1722.000
664.019	1721.000
664.777	1722.000
665.534	1727.000
666.291	1724.000
667.049	1721.000
667.806	1726.000
668.563	1722.000
669.320	1718.000
670.077	1722.000
670.833	1719.000
671.590	1727.000
672.347	1727.000
673.103	1724.000
673.860	1728.000
674.616	1726.000
675.373	1726.000
676.129	1723.000
676.885	1730.000
677.641	1727.000
678.397	1732.000
679.153	1731.000
679.909	1728.000
680.665	1729.000
681.420	1723.000
682.176	1732.000
682.931	1725.000
683.687	1733.000
684.442	1729.000
685.198	1733.000
685.953	1727.000
686.708	1734.000
687.463	1732.000
688.218	1734.000
688.973	1731.000
689.728	1733.000
690.482	1735.000
691.237	1734.000
691.992	1749.000
692.746	1736.000
693.500	1743.000
694.255	1741.000
695.009	1744.000
695.763	1741.000
696.517	1747.000
697.271	1742.000
698.025	1755.000
698.779	1747.000
699.533	1753.000
700.286	1751.000
701.040	1757.000
701.794	1752.000
702.547	1762.000
703.300	1760.000
704.054	1759.000
704.807	1765.000
705.560	1766.000
706.313	1764.000
707.066	1771.000
707.819	1770.000
708.572	1775.000
709.324	1774.000
710.077	1781.000
710.829	1786.000
711.582	1789.000
712.334	1785.000
713.087	1796.000
713.839	1797.000
714.591	1796.000
715.343	1803.000
716.095	1815.000
716.847	1808.000
717.599	1810.000
718.350	1817.000
719.102	1826.000
719.854	1837.000
720.605	1831.000
721.357	1844.000
722.108	1838.000
722.859	1851.000
723.610	1859.000
724.361	1859.000
725.112	1871.000
725.863	1888.000
726.614	1889.000
727.365	1898.000
728.116	1897.000
728.866	1899.000
729.617	1912.000
730.367	1922.000
731.117	1926.000
731.868	1936.000
732.618	1948.000
733.368	1958.000
734.118	1965.000
734.868	1976.000
735.618	1990.000
736.368	1996.000
737.117	2008.000
737.867	2021.000
738.616	2024.000
739.366	2050.000
740.115	2062.000
740.864	2064.000
741.614	2081.000
742.363	2085.000
743.112	2115.000
743.861	2110.000
744.610	2123.000
745.358	2118.000
746.107	2152.000
746.856	2166.000
747.604	2179.000
748.353	2201.000
749.101	2196.000
749.849	2227.000
750.598	2220.000
751.346	2237.000
752.094	2236.000
752.842	2256.000
753.589	2271.000
754.337	2277.000
755.085	2287.000
755.833	2297.000
756.580	2307.000
757.328	2326.000
758.075	2330.000
758.822	2343.000
759.569	2353.000
760.317	2369.000
761.064	2371.000
761.811	2404.000
762.557	2397.000
763.304	2422.000
764.051	2417.000
764.798	2437.000
765.544	2446.000
766.291	2445.000
767.037	2451.000
767.783	2455.000
768.529	2482.000
769.276	2490.000
770.022	2476.000
770.768	2481.000
771.513	2516.000
772.259	2479.000
773.005	2499.000
773.751	2496.000
774.496	2511.000
775.242	2491.000
775.987	2502.000
776.732	2509.000
777.477	2511.000
778.222	2505.000
778.968	2503.000
779.712	2497.000
780.457	2476.000
781.202	2473.000
781.947	2481.000
782.691	2500.000
783.436	2473.000
784.180	2450.000
784.925	2457.000
785.669	2442.000
786.413	2427.000
787.157	2426.000
787.901	2426.000
788.645	2406.000
789.389	2390.000
790.133	2381.000
790.877	2368.000
791.620	2364.000
792.364	2349.000
793.107	2326.000
793.850	2307.000
794.594	2291.000
795.337	2280.000
796.080	2275.000
796.823	2250.000
797.566	2245.000
798.309	2211.000
799.052	2218.000
799.794	2197.000
800.537	2180.000
801.279	2161.000
802.022	2167.000
802.764	2145.000
803.506	2127.000
804.248	2121.000
804.991	2079.000
805.732	2088.000
806.474	2070.000
807.216	2065.000
807.958	2041.000
808.700	2045.000
809.441	2031.000
810.183	2018.000
810.924	2012.000
811.665	1995.000
812.407	1978.000
813.148	1970.000
813.889	1966.000
814.630	1968.000
815.371	1942.000
816.111	1932.000
816.852	1929.000
817.593	1932.000
818.333	1912.000
819.074	1918.000
819.814	1900.000
820.554	1892.000
821.295	1883.000
822.035	1882.000
822.775	1876.000
823.515	1875.000
824.254	1858.000
824.994	1865.000
825.734	1854.000
826.474	1850.000
827.213	1842.000
827.952	1834.000
828.692	1832.000
829.431	1821.000
830.170	1822.000
830.909	1818.000
831.648	1812.000
832.387	1814.000
833.126	1810.000
833.865	1812.000
834.603	1806.000
835.342	1801.000
836.080	1800.000
836.819	1796.000
837.557	1793.000
838.295	1792.000
839.033	1788.000
839.771	1783.000
840.509	1779.000
841.247	1779.000
841.985	1772.000
842.723	1788.000
843.460	1768.000
844.198	1775.000
844.935	1763.000
845.673	1764.000
846.410	1765.000
847.147	1758.000
847.884	1759.000
848.621	1762.000
849.358	1756.000
850.095	1755.000
850.832	1748.000
851.568	1747.000
852.305	1755.000
853.041	1749.000
853.778	1747.000
854.514	1746.000
855.250	1747.000
855.986	1741.000
856.722	1743.000
857.458	1743.000
858.194	1751.000
858.930	1743.000
859.666	1737.000
860.401	1744.000
861.137	1739.000
861.872	1738.000
862.608	1739.000
863.343	1736.000
864.078	1736.000
864.813	1731.000
865.548	1733.000
866.283	1734.000
867.018	1737.000
867.753	1732.000
868.487	1730.000
869.222	1738.000
869.956	1737.000
870.691	1734.000
871.425	1730.000
872.159	1738.000
872.893	1730.000
873.627	1730.000
874.361	1729.000
875.095	1732.000
875.829	1728.000
876.562	1725.000
877.296	1725.000
878.030	1724.000
878.763	1738.000
879.496	1727.000
880.229	1727.000
880.963	1723.000
881.696	1722.000
882.429	1723.000
883.162	1728.000
883.894	1727.000
884.627	1725.000
885.360	1721.000
886.092	1726.000
886.825	1721.000
887.557	1721.000
888.289	1719.000
889.021	1725.000
889.753	1726.000
890.485	1723.000
891.217	1723.000
891.949	1722.000
892.681	1727.000
893.413	1721.000
894.144	1720.000
894.876	1720.000
895.607	1725.000
896.338	1718.000
897.069	1722.000
897.801	1749.000
898.532	1716.000
899.262	1719.000
899.993	1717.000
900.724	1724.000
901.455	1724.000
902.185	1720.000
902.916	1722.000
903.646	1722.000
904.376	1723.000
905.107	1720.000
905.837	1723.000
906.567	1722.000
907.297	1721.000
908.027	1720.000
908.756	1719.000
909.486	1722.000
910.216	1715.000
910.945	1722.000
911.675	1721.000
912.404	1720.000
913.133	1715.000
913.862	1721.000
914.591	1720.000
915.320	1719.000
916.049	1718.000
916.778	1714.000
917.507	1722.000
918.235	1714.000
918.964	1715.000
919.692	1718.000
920.420	1725.000
921.149	1715.000
921.877	1712.000
922.605	1716.000
923.333	1715.000
924.061	1720.000
924.789	1723.000
925.516	1721.000
926.244	1714.000
926.971	1721.000
927.699	1719.000
928.426	1720.000
929.153	1715.000
929.881	1714.000
930.608	1716.000
931.335	1719.000
932.062	1715.000
932.788	1715.000
933.515	1721.000
934.242	1719.000
934.968	1724.000
935.695	1722.000
936.421	1716.000
937.147	1717.000
937.873	1720.000
938.599	1716.000
939.325	1715.000
940.051	1719.000
940.777	1720.000
941.503	1715.000
942.228	1721.000
942.954	1717.000
943.679	1719.000
944.405	1716.000
945.130	1715.000
945.855	1719.000
946.580	1721.000
947.305	1721.000
948.030	1716.000
948.755	1717.000
949.480	1717.000
950.204	1721.000
950.929	1720.000
951.653	1721.000
952.378	1719.000
953.102	1719.000
953.826	1721.000
954.550	1717.000
955.274	1720.000
955.998	1713.000
956.722	1712.000
957.445	1718.000
958.169	1717.000
958.892	1712.000
959.616	1722.000
960.339	1719.000
961.062	1722.000
961.786	1730.000
962.509	1719.000
963.232	1718.000
963.955	1721.000
964.677	1718.000
965.400	1719.000
966.123	1716.000
966.845	1715.000
967.568	1715.000
968.290	1720.000
969.012	1719.000
969.734	1721.000
970.456	1719.000
971.178	1719.000
971.900	1720.000
972.622	1713.000
973.344	1722.000
974.065	1739.000
974.787	1718.000
975.508	1714.000
976.229	1721.000
976.951	1718.000
977.672	1724.000
978.393	1716.000
979.114	1720.000
979.834	1720.000
980.555	1715.000
981.276	1717.000
981.996	1721.000
982.717	1720.000
983.437	1720.000
984.158	1719.000
984.878	1716.000
985.598	1718.000
986.318	1714.000
987.038	1720.000
987.758	1714.000
988.477	1722.000
989.197	1715.000
989.917	1718.000
990.636	1715.000
991.355	1718.000
992.075	1721.000
992.794	1722.000
993.513	1721.000
994.232	1721.000
994.951	1724.000
995.670	1722.000
996.388	1721.000
997.107	1711.000
997.826	1716.000
998.544	1715.000
999.262	1721.000
999.980	1712.000
1000.699	1717.000
1001.417	1713.000
1002.135	1723.000
1002.853	1718.000
1003.570	1720.000
1004.288	1714.000
1005.006	1717.000
1005.723	1717.000
1006.440	1716.000
1007.158	1719.000
1007.875	1720.000
1008.592	1719.000
1009.309	1718.000
1010.026	1720.000
1010.743	1717.000
1011.460	1716.000
1012.176	1722.000
1012.893	1719.000
1013.609	1718.000
1014.326	1722.000
1015.042	1723.000
1015.758	1722.000
1016.474	1720.000
1017.190	1713.000
1017.906	1718.000
1018.622	1717.000
1019.338	1720.000
1020.053	1718.000
1020.769	1723.000
1021.484	1715.000
1022.200	1720.000
1022.915	1725.000
1023.630	1719.000
1024.345	1712.000
1025.060	1710.000
1025.775	1712.000
1026.490	1715.000
1027.204	1717.000
1027.919	1713.000
1028.633	1716.000
1029.348	1720.000
1030.062	1719.000
1030.776	1710.000
1031.490	1715.000
1032.204	1714.000
1032.918	1716.000
1033.632	1715.000
1034.346	1713.000
1035.059	1700.000
1035.773	1701.000
1036.486	1702.000
1037.200	1704.000
