wavelength	counts
247.432	1724.000
248.227	1704.000
249.023	1703.000
249.818	1697.000
250.613	1713.000
251.408	1707.000
252.203	1714.000
252.999	1712.000
253.794	1716.000
254.588	1714.000
255.383	1711.000
256.178	1708.000
256.973	1711.000
257.768	1705.000
258.562	1716.000
259.357	1714.000
260.151	1714.000
260.946	1717.000
261.740	1718.000
262.534	1714.000
263.328	1714.000
264.123	1714.000
264.917	1713.000
265.711	1714.000
266.505	1715.000
267.299	1712.000
268.093	1715.000
268.886	1713.000
269.680	1717.000
270.474	1713.000
271.267	1719.000
272.061	1716.000
272.854	1715.000
273.648	1717.000
274.441	1716.000
275.234	1716.000
276.028	1727.000
276.821	1720.000
277.614	1713.000
278.407	1714.000
279.200	1718.000
279.993	1714.000
280.786	1714.000
281.578	1716.000
282.371	1721.000
283.164	1715.000
283.956	1716.000
284.749	1721.000
285.541	1720.000
286.334	1716.000
287.126	1711.000
287.918	1717.000
288.710	1713.000
289.503	1721.000
290.295	1715.000
291.087	1719.000
291.879	1718.000
292.670	1714.000
293.462	1714.000
294.254	1712.000
295.046	1718.000
295.837	1716.000
296.629	1723.000
297.420	1716.000
298.212	1720.000
299.003	1717.000
299.794	1720.000
300.586	1721.000
301.377	1718.000
302.168	1716.000
302.959	1722.000
303.750	1716.000
304.541	1715.000
305.332	1711.000
306.123	1721.000
306.913	1714.000
307.704	1716.000
308.494	1717.000
309.285	1716.000
310.075	1717.000
310.866	1720.000
311.656	1720.000
312.446	1716.000
313.237	1716.000
314.027	1714.000
314.817	1720.000
315.607	1713.000
316.397	1721.000
317.187	1714.000
317.976	1722.000
318.766	1712.000
319.556	1719.000
320.345	1714.000
321.135	1720.000
321.924	1715.000
322.714	1715.000
323.503	1716.000
324.293	1710.000
325.082	1719.000
325.871	1718.000
326.660	1722.000
327.449	1716.000
328.238	1724.000
329.027	1722.000
329.816	1720.000
330.604	1716.000
331.393	1715.000
332.182	1719.000
332.970	1716.000
333.759	1717.000
334.547	1717.000
335.336	1717.000
336.124	1718.000
336.912	1720.000
337.700	1712.000
338.488	1717.000
339.276	1720.000
340.064	1719.000
340.852	1720.000
341.640	1719.000
342.428	1714.000
343.216	1721.000
344.003	1720.000
344.791	1716.000
345.578	1717.000
346.366	1719.000
347.153	1718.000
347.940	1722.000
348.728	1717.000
349.515	1714.000
350.302	1720.000
351.089	1714.000
351.876	1720.000
352.663	1719.000
353.450	1717.000
354.236	1709.000
355.023	1720.000
355.810	1721.000
356.596	1713.000
357.383	1716.000
358.169	1721.000
358.956	1719.000
359.742	1715.000
360.528	1722.000
361.314	1715.000
362.100	1718.000
362.886	1711.000
363.672	1722.000
364.458	1715.000
365.244	1717.000
366.030	1713.000
366.816	1717.000
367.601	1709.000
368.387	1712.000
369.172	1710.000
369.958	1715.000
370.743	1719.000
371.528	1718.000
372.314	1714.000
373.099	1717.000
373.884	1714.000
374.669	1718.000
375.454	1719.000
376.239	1715.000
377.024	1719.000
377.808	1719.000
378.593	1717.000
379.378	1720.000
380.162	1715.000
380.947	1713.000
381.731	1714.000
382.515	1715.000
383.300	1721.000
384.084	1713.000
384.868	1714.000
385.652	1718.000
386.436	1711.000
387.220	1718.000
388.004	1709.000
388.788	1713.000
389.572	1717.000
390.355	1717.000
391.139	1712.000
391.922	1714.000
392.706	1719.000
393.489	1716.000
394.273	1716.000
395.056	1715.000
395.839	1715.000
396.622	1716.000
397.405	1714.000
398.188	1712.000
398.971	1711.000
399.754	1717.000
400.537	1717.000
401.319	1713.000
402.102	1717.000
402.885	1717.000
403.667	1725.000
404.450	1728.000
405.232	1735.000
406.014	1723.000
406.797	1719.000
407.579	1719.000
408.361	1716.000
409.143	1714.000
409.925	1716.000
410.707	1713.000
411.488	1717.000
412.270	1719.000
413.052	1715.000
413.833	1715.000
414.615	1711.000
415.397	1716.000
416.178	1714.000
416.959	1713.000
417.741	1717.000
418.522	1715.000
419.303	1713.000
420.084	1711.000
420.865	1714.000
421.646	1717.000
422.427	1711.000
423.207	1718.000
423.988	1713.000
424.769	1709.000
425.549	1712.000
426.330	1713.000
427.110	1715.000
427.891	1715.000
428.671	1718.000
429.451	1721.000
430.231	1716.000
431.011	1716.000
431.791	1715.000
432.571	1718.000
433.351	1718.000
434.131	1713.000
434.911	1713.000
435.690	1718.000
436.470	1715.000
437.250	1718.000
438.029	1718.000
438.808	1714.000
439.588	1714.000
440.367	1722.000
441.146	1717.000
441.925	1712.000
442.704	1718.000
443.483	1717.000
444.262	1711.000
445.041	1718.000
445.820	1718.000
446.598	1716.000
447.377	1713.000
448.156	1714.000
448.934	1719.000
449.712	1719.000
450.491	1718.000
451.269	1718.000
452.047	1721.000
452.825	1717.000
453.603	1724.000
454.381	1724.000
455.159	1720.000
455.937	1719.000
456.715	1720.000
457.493	1722.000
458.270	1723.000
459.048	1716.000
459.825	1725.000
460.603	1723.000
461.380	1720.000
462.157	1726.000
462.934	1724.000
463.712	1725.000
464.489	1721.000
465.266	1727.000
466.043	1722.000
466.819	1722.000
467.596	1722.000
468.373	1722.000
469.150	1722.000
469.926	1720.000
470.703	1716.000
471.479	1720.000
472.255	1719.000
473.032	1716.000
473.808	1717.000
474.584	1719.000
475.360	1717.000
476.136	1721.000
476.912	1722.000
477.688	1722.000
478.464	1719.000
479.239	1718.000
480.015	1725.000
480.790	1719.000
481.566	1716.000
482.341	1716.000
483.117	1717.000
483.892	1715.000
484.667	1720.000
485.442	1719.000
486.217	1719.000
486.992	1722.000
487.767	1719.000
488.542	1719.000
489.317	1719.000
490.091	1718.000
490.866	1718.000
491.641	1721.000
492.415	1715.000
493.190	1722.000
493.964	1717.000
494.738	1721.000
495.512	1720.000
496.286	1721.000
497.060	1720.000
497.834	1724.000
498.608	1720.000
499.382	1718.000
500.156	1722.000
500.930	1722.000
501.703	1722.000
502.477	1725.000
503.250	1725.000
504.024	1724.000
504.797	1718.000
505.570	1717.000
506.343	1721.000
507.116	1724.000
507.889	1722.000
508.662	1720.000
509.435	1729.000
510.208	1725.000
510.981	1722.000
511.754	1723.000
512.526	1721.000
513.299	1724.000
514.071	1721.000
514.843	1724.000
515.616	1730.000
516.388	1726.000
517.160	1725.000
517.932	1730.000
518.704	1723.000
519.476	1724.000
520.248	1725.000
521.020	1733.000
521.791	1727.000
522.563	1724.000
523.335	1728.000
524.106	1727.000
524.878	1723.000
525.649	1722.000
526.420	1728.000
527.191	1725.000
527.963	1728.000
528.734	1726.000
529.505	1733.000
530.275	1727.000
531.046	1728.000
531.817	1728.000
532.588	1734.000
533.358	1729.000
534.129	1727.000
534.899	1732.000
535.670	1735.000
536.440	1725.000
537.210	1733.000
537.980	1732.000
538.750	1726.000
539.520	1731.000
540.290	1729.000
541.060	1728.000
541.830	1736.000
542.600	1733.000
543.369	1735.000
544.139	1737.000
544.909	1735.000
545.678	1737.000
546.447	1729.000
547.217	1736.000
547.986	1734.000
548.755	1734.000
549.524	1732.000
550.293	1734.000
551.062	1734.000
551.831	1731.000
552.599	1736.000
553.368	1730.000
554.137	1736.000
554.905	1732.000
555.674	1733.000
556.442	1735.000
557.210	1737.000
557.979	1730.000
558.747	1731.000
559.515	1735.000
560.283	1735.000
561.051	1729.000
561.819	1731.000
562.586	1732.000
563.354	1732.000
564.122	1739.000
564.889	1736.000
565.657	1732.000
566.424	1736.000
567.191	1744.000
567.959	1736.000
568.726	1735.000
569.493	1737.000
570.260	1733.000
571.027	1736.000
571.794	1733.000
572.561	1737.000
573.327	1735.000
574.094	1736.000
574.860	1730.000
575.627	1736.000
576.393	1738.000
577.160	1739.000
577.926	1744.000
578.692	1736.000
579.458	1733.000
580.224	1733.000
580.990	1734.000
581.756	1739.000
582.522	1734.000
583.288	1742.000
584.053	1724.000
584.819	1743.000
585.585	1732.000
586.350	1738.000
587.115	1734.000
587.881	1738.000
588.646	1735.000
589.411	1733.000
590.176	1741.000
590.941	1734.000
591.706	1738.000
592.471	1735.000
593.235	1735.000
594.000	1736.000
594.765	1736.000
595.529	1734.000
596.294	1740.000
597.058	1738.000
597.822	1736.000
598.587	1735.000
599.351	1727.000
600.115	1739.000
600.879	1728.000
601.643	1732.000
602.406	1730.000
603.170	1736.000
603.934	1734.000
604.698	1733.000
605.461	1723.000
606.224	1735.000
606.988	1729.000
607.751	1737.000
608.514	1732.000
609.278	1737.000
610.041	1732.000
610.804	1741.000
611.566	1749.000
612.329	1733.000
613.092	1739.000
613.855	1732.000
614.617	1738.000
615.380	1732.000
616.142	1733.000
616.905	1730.000
617.667	1731.000
618.429	1730.000
619.191	1732.000
619.953	1727.000
620.715	1733.000
621.477	1728.000
622.239	1732.000
623.001	1731.000
623.763	1732.000
624.524	1730.000
625.286	1724.000
626.047	1733.000
626.808	1724.000
627.570	1729.000
628.331	1727.000
629.092	1727.000
629.853	1730.000
630.614	1725.000
631.375	1728.000
632.136	1729.000
632.896	1733.000
633.657	1722.000
634.418	1735.000
635.178	1728.000
635.939	1725.000
636.699	1725.000
637.459	1725.000
638.219	1723.000
638.980	1732.000
639.740	1727.000
640.500	1727.000
641.260	1722.000
642.019	1725.000
642.779	1726.000
643.539	1727.000
644.298	1731.000
645.058	1726.000
645.817	1728.000
646.576	1732.000
647.336	1727.000
648.095	1726.000
648.854	1722.000
649.613	1723.000
650.372	1726.000
651.131	1727.000
651.890	1725.000
652.648	1731.000
653.407	1725.000
654.165	1727.000
654.924	1728.000
655.682	1724.000
656.441	1723.000
657.199	1722.000
657.957	1726.000
658.715	1726.000
659.473	1725.000
660.231	1729.000
660.989	1725.000
661.747	1727.000
662.504	1724.000
663.262	1725.000
664.019	1724.000
664.777	1724.000
665.534	1724.000
666.291	1732.000
667.049	1719.000
667.806	1728.000
668.563	1722.000
669.320	1723.000
670.077	1722.000
670.833	1718.000
671.590	1729.000
672.347	1724.000
673.103	1722.000
673.860	1724.000
674.616	1725.000
675.373	1723.000
676.129	1726.000
676.885	1731.000
677.641	1723.000
678.397	1722.000
679.153	1720.000
679.909	1722.000
680.665	1724.000
681.420	1723.000
682.176	1723.000
682.931	1721.000
683.687	1727.000
684.442	1723.000
685.198	1716.000
685.953	1720.000
686.708	1727.000
687.463	1729.000
688.218	1723.000
688.973	1723.000
689.728	1721.000
690.482	1719.000
691.237	1721.000
691.992	1738.000
692.746	1719.000
693.500	1725.000
694.255	1724.000
695.009	1724.000
695.763	1719.000
696.517	1719.000
697.271	1720.000
698.025	1723.000
698.779	1725.000
699.533	1719.000
700.286	1721.000
701.040	1721.000
701.794	1722.000
702.547	1720.000
703.300	1723.000
704.054	1718.000
704.807	1727.000
705.560	1723.000
706.313	1720.000
707.066	1725.000
707.819	1722.000
708.572	1722.000
709.324	1723.000
710.077	1722.000
710.829	1720.000
711.582	1724.000
712.334	1727.000
713.087	1727.000
713.839	1723.000
714.591	1725.000
715.343	1715.000
716.095	1727.000
716.847	1720.000
717.599	1722.000
718.350	1718.000
719.102	1723.000
719.854	1720.000
720.605	1719.000
721.357	1720.000
722.108	1719.000
722.859	1720.000
723.610	1723.000
724.361	1720.000
725.112	1722.000
725.863	1720.000
726.614	1715.000
727.365	1721.000
728.116	1718.000
728.866	1718.000
729.617	1725.000
730.367	1722.000
731.117	1719.000
731.868	1724.000
732.618	1721.000
733.368	1723.000
734.118	1720.000
734.868	1723.000
735.618	1722.000
736.368	1720.000
737.117	1724.000
737.867	1716.000
738.616	1718.000
739.366	1723.000
740.115	1723.000
740.864	1721.000
741.614	1731.000
742.363	1720.000
743.112	1721.000
743.861	1724.000
744.610	1722.000
745.358	1715.000
746.107	1716.000
746.856	1719.000
747.604	1720.000
748.353	1721.000
749.101	1722.000
749.849	1722.000
750.598	1722.000
751.346	1719.000
752.094	1717.000
752.842	1724.000
753.589	1716.000
754.337	1720.000
755.085	1718.000
755.833	1719.000
756.580	1717.000
757.328	1721.000
758.075	1720.000
758.822	1717.000
759.569	1718.000
760.317	1720.000
761.064	1717.000
761.811	1717.000
762.557	1716.000
763.304	1719.000
764.051	1720.000
764.798	1712.000
765.544	1718.000
766.291	1724.000
767.037	1719.000
767.783	1717.000
768.529	1724.000
769.276	1721.000
770.022	1718.000
770.768	1719.000
771.513	1716.000
772.259	1720.000
773.005	1720.000
773.751	1717.000
774.496	1713.000
775.242	1717.000
775.987	1715.000
776.732	1721.000
777.477	1722.000
778.222	1717.000
778.968	1725.000
779.712	1717.000
780.457	1717.000
781.202	1718.000
781.947	1720.000
782.691	1722.000
783.436	1720.000
784.180	1716.000
784.925	1717.000
785.669	1714.000
786.413	1720.000
787.157	1714.000
787.901	1720.000
788.645	1715.000
789.389	1719.000
790.133	1717.000
790.877	1717.000
791.620	1718.000
792.364	1719.000
793.107	1715.000
793.850	1719.000
794.594	1721.000
795.337	1718.000
796.080	1718.000
796.823	1722.000
797.566	1714.000
798.309	1715.000
799.052	1717.000
799.794	1711.000
800.537	1721.000
801.279	1712.000
802.022	1716.000
802.764	1719.000
803.506	1722.000
804.248	1716.000
804.991	1716.000
805.732	1716.000
806.474	1713.000
807.216	1716.000
807.958	1717.000
808.700	1717.000
809.441	1713.000
810.183	1718.000
810.924	1717.000
811.665	1715.000
812.407	1713.000
813.148	1719.000
813.889	1716.000
814.630	1718.000
815.371	1720.000
816.111	1720.000
816.852	1719.000
817.593	1718.000
818.333	1720.000
819.074	1715.000
819.814	1714.000
820.554	1715.000
821.295	1714.000
822.035	1714.000
822.775	1717.000
823.515	1716.000
824.254	1718.000
824.994	1715.000
825.734	1712.000
826.474	1715.000
827.213	1719.000
827.952	1716.000
828.692	1714.000
829.431	1715.000
830.170	1721.000
830.909	1716.000
831.648	1714.000
832.387	1719.000
833.126	1710.000
833.865	1720.000
834.603	1717.000
835.342	1717.000
836.080	1712.000
836.819	1718.000
837.557	1712.000
838.295	1711.000
839.033	1712.000
839.771	1714.000
840.509	1714.000
841.247	1716.000
841.985	1719.000
842.723	1730.000
843.460	1717.000
844.198	1714.000
844.935	1714.000
845.673	1714.000
846.410	1720.000
847.147	1708.000
847.884	1717.000
848.621	1710.000
849.358	1721.000
850.095	1709.000
850.832	1715.000
851.568	1714.000
852.305	1714.000
853.041	1715.000
853.778	1712.000
854.514	1717.000
855.250	1714.000
855.986	1711.000
856.722	1712.000
857.458	1714.000
858.194	1713.000
858.930	1718.000
859.666	1711.000
860.401	1714.000
861.137	1710.000
861.872	1713.000
862.608	1718.000
863.343	1718.000
864.078	1717.000
864.813	1720.000
865.548	1715.000
866.283	1713.000
867.018	1717.000
867.753	1718.000
868.487	1717.000
869.222	1713.000
869.956	1718.000
870.691	1719.000
871.425	1715.000
872.159	1717.000
872.893	1722.000
873.627	1718.000
874.361	1713.000
875.095	1717.000
875.829	1714.000
876.562	1714.000
877.296	1712.000
878.030	1715.000
878.763	1717.000
879.496	1713.000
880.229	1717.000
880.963	1716.000
881.696	1711.000
882.429	1714.000
883.162	1716.000
883.894	1717.000
884.627	1713.000
885.360	1716.000
886.092	1712.000
886.825	1714.000
887.557	1711.000
888.289	1713.000
889.021	1715.000
889.753	1718.000
890.485	1713.000
891.217	1710.000
891.949	1721.000
892.681	1716.000
893.413	1716.000
894.144	1711.000
894.876	1719.000
895.607	1716.000
896.338	1721.000
897.069	1714.000
897.801	1746.000
898.532	1719.000
899.262	1720.000
899.993	1717.000
900.724	1706.000
901.455	1714.000
902.185	1717.000
902.916	1717.000
903.646	1718.000
904.376	1716.000
905.107	1713.000
905.837	1716.000
906.567	1714.000
907.297	1720.000
908.027	1720.000
908.756	1712.000
909.486	1716.000
910.216	1715.000
910.945	1718.000
911.675	1715.000
912.404	1716.000
913.133	1712.000
913.862	1712.000
914.591	1712.000
915.320	1717.000
916.049	1711.000
916.778	1719.000
917.507	1714.000
918.235	1717.000
918.964	1713.000
919.692	1713.000
920.420	1714.000
921.149	1713.000
921.877	1710.000
922.605	1714.000
923.333	1716.000
924.061	1711.000
924.789	1717.000
925.516	1717.000
926.244	1708.000
926.971	1715.000
927.699	1721.000
928.426	1713.000
929.153	1716.000
929.881	1712.000
930.608	1717.000
931.335	1715.000
932.062	1717.000
932.788	1722.000
933.515	1718.000
934.242	1715.000
934.968	1720.000
935.695	1712.000
936.421	1720.000
937.147	1715.000
937.873	1718.000
938.599	1715.000
939.325	1711.000
940.051	1714.000
940.777	1714.000
941.503	1715.000
942.228	1716.000
942.954	1718.000
943.679	1716.000
944.405	1720.000
945.130	1713.000
945.855	1715.000
946.580	1720.000
947.305	1716.000
948.030	1715.000
948.755	1715.000
949.480	1714.000
950.204	1713.000
950.929	1717.000
951.653	1711.000
952.378	1711.000
953.102	1717.000
953.826	1717.000
954.550	1711.000
955.274	1715.000
955.998	1711.000
956.722	1721.000
957.445	1717.000
958.169	1713.000
958.892	1718.000
959.616	1717.000
960.339	1718.000
961.062	1713.000
961.786	1732.000
962.509	1717.000
963.232	1720.000
963.955	1713.000
964.677	1717.000
965.400	1716.000
966.123	1724.000
966.845	1713.000
967.568	1716.000
968.290	1719.000
969.012	1716.000
969.734	1721.000
970.456	1718.000
971.178	1717.000
971.900	1715.000
972.622	1714.000
973.344	1727.000
974.065	1731.000
974.787	1719.000
975.508	1717.000
976.229	1716.000
976.951	1718.000
977.672	1715.000
978.393	1719.000
979.114	1712.000
979.834	1718.000
980.555	1714.000
981.276	1716.000
981.996	1717.000
982.717	1711.000
983.437	1717.000
984.158	1718.000
984.878	1718.000
985.598	1713.000
986.318	1714.000
987.038	1712.000
987.758	1715.000
988.477	1715.000
989.197	1719.000
989.917	1719.000
990.636	1715.000
991.355	1719.000
992.075	1719.000
992.794	1716.000
993.513	1721.000
994.232	1713.000
994.951	1718.000
995.670	1717.000
996.388	1719.000
997.107	1717.000
997.826	1718.000
998.544	1717.000
999.262	1716.000
999.980	1720.000
1000.699	1719.000
1001.417	1716.000
1002.135	1713.000
1002.853	1721.000
1003.570	1713.000
1004.288	1714.000
1005.006	1721.000
1005.723	1716.000
1006.440	1719.000
1007.158	1718.000
1007.875	1716.000
1008.592	1721.000
1009.309	1719.000
1010.026	1719.000
1010.743	1716.000
1011.460	1716.000
1012.176	1719.000
1012.893	1718.000
1013.609	1721.000
1014.326	1715.000
1015.042	1723.000
1015.758	1723.000
1016.474	1719.000
1017.190	1717.000
1017.906	1716.000
1018.622	1719.000
1019.338	1709.000
1020.053	1721.000
1020.769	1717.000
1021.484	1719.000
1022.200	1711.000
1022.915	1716.000
1023.630	1719.000
1024.345	1715.000
1025.060	1717.000
1025.775	1716.000
1026.490	1717.000
1027.204	1719.000
1027.919	1712.000
1028.633	1714.000
1029.348	1717.000
1030.062	1717.000
1030.776	1709.000
1031.490	1713.000
1032.204	1712.000
1032.918	1717.000
1033.632	1716.000
1034.346	1711.000
1035.059	1704.000
1035.773	1700.000
1036.486	1698.000
1037.200	1699.000
