wavelength	counts
247.432	1722.000
248.227	1704.000
249.023	1706.000
249.818	1703.000
250.613	1714.000
251.408	1709.000
252.203	1719.000
252.999	1716.000
253.794	1714.000
254.588	1712.000
255.383	1714.000
256.178	1715.000
256.973	1710.000
257.768	1711.000
258.562	1715.000
259.357	1717.000
260.151	1712.000
260.946	1714.000
261.740	1720.000
262.534	1714.000
263.328	1710.000
264.123	1719.000
264.917	1713.000
265.711	1716.000
266.505	1714.000
267.299	1715.000
268.093	1714.000
268.886	1717.000
269.680	1714.000
270.474	1721.000
271.267	1720.000
272.061	1719.000
272.854	1721.000
273.648	1716.000
274.441	1719.000
275.234	1717.000
276.028	1717.000
276.821	1717.000
277.614	1716.000
278.407	1710.000
279.200	1711.000
279.993	1709.000
280.786	1718.000
281.578	1719.000
282.371	1717.000
283.164	1714.000
283.956	1715.000
284.749	1714.000
285.541	1717.000
286.334	1717.000
287.126	1711.000
287.918	1718.000
288.710	1716.000
289.503	1720.000
290.295	1714.000
291.087	1718.000
291.879	1717.000
292.670	1713.000
293.462	1716.000
294.254	1716.000
295.046	1717.000
295.837	1714.000
296.629	1719.000
297.420	1720.000
298.212	1717.000
299.003	1715.000
299.794	1712.000
300.586	1721.000
301.377	1718.000
302.168	1714.000
302.959	1720.000
303.750	1712.000
304.541	1721.000
305.332	1716.000
306.123	1720.000
306.913	1715.000
307.704	1720.000
308.494	1714.000
309.285	1716.000
310.075	1714.000
310.866	1723.000
311.656	1719.000
312.446	1719.000
313.237	1719.000
314.027	1715.000
314.817	1720.000
315.607	1716.000
316.397	1724.000
317.187	1715.000
317.976	1723.000
318.766	1716.000
319.556	1713.000
320.345	1716.000
321.135	1716.000
321.924	1717.000
322.714	1721.000
323.503	1716.000
324.293	1712.000
325.082	1721.000
325.871	1718.000
326.660	1722.000
327.449	1718.000
328.238	1720.000
329.027	1724.000
329.816	1718.000
330.604	1717.000
331.393	1719.000
332.182	1721.000
332.970	1724.000
333.759	1709.000
334.547	1719.000
335.336	1721.000
336.124	1714.000
336.912	1714.000
337.700	1720.000
338.488	1714.000
339.276	1715.000
340.064	1719.000
340.852	1715.000
341.640	1721.000
342.428	1717.000
343.216	1719.000
344.003	1720.000
344.791	1722.000
345.578	1718.000
346.366	1716.000
347.153	1717.000
347.940	1717.000
348.728	1717.000
349.515	1715.000
350.302	1722.000
351.089	1720.000
351.876	1718.000
352.663	1719.000
353.450	1714.000
354.236	1717.000
355.023	1715.000
355.810	1717.000
356.596	1713.000
357.383	1718.000
358.169	1715.000
358.956	1723.000
359.742	1716.000
360.528	1722.000
361.314	1719.000
362.100	1720.000
362.886	1714.000
363.672	1719.000
364.458	1710.000
365.244	1716.000
366.030	1714.000
366.816	1718.000
367.601	1714.000
368.387	1718.000
369.172	1713.000
369.958	1718.000
370.743	1719.000
371.528	1714.000
372.314	1712.000
373.099	1717.000
373.884	1716.000
374.669	1714.000
375.454	1717.000
376.239	1717.000
377.024	1719.000
377.808	1717.000
378.593	1718.000
379.378	1714.000
380.162	1717.000
380.947	1710.000
381.731	1718.000
382.515	1719.000
383.300	1717.000
384.084	1715.000
384.868	1715.000
385.652	1717.000
386.436	1716.000
387.220	1717.000
388.004	1717.000
388.788	1716.000
389.572	1716.000
390.355	1717.000
391.139	1714.000
391.922	1718.000
392.706	1717.000
393.489	1714.000
394.273	1716.000
395.056	1723.000
395.839	1717.000
396.622	1714.000
397.405	1713.000
398.188	1714.000
398.971	1710.000
399.754	1715.000
400.537	1714.000
401.319	1721.000
402.102	1718.000
402.885	1726.000
403.667	1739.000
404.450	1778.000
405.232	1787.000
406.014	1747.000
406.797	1719.000
407.579	1722.000
408.361	1720.000
409.143	1715.000
409.925	1719.000
410.707	1718.000
411.488	1715.000
412.270	1718.000
413.052	1718.000
413.833	1715.000
414.615	1711.000
415.397	1717.000
416.178	1713.000
416.959	1713.000
417.741	1717.000
418.522	1716.000
419.303	1713.000
420.084	1712.000
420.865	1719.000
421.646	1719.000
422.427	1709.000
423.207	1714.000
423.988	1717.000
424.769	1720.000
425.549	1713.000
426.330	1718.000
427.110	1715.000
427.891	1714.000
428.671	1717.000
429.451	1712.000
430.231	1715.000
431.011	1718.000
431.791	1718.000
432.571	1710.000
433.351	1716.000
434.131	1717.000
434.911	1714.000
435.690	1715.000
436.470	1716.000
437.250	1719.000
438.029	1714.000
438.808	1713.000
439.588	1716.000
440.367	1718.000
441.146	1718.000
441.925	1719.000
442.704	1716.000
443.483	1714.000
444.262	1715.000
445.041	1718.000
445.820	1714.000
446.598	1721.000
447.377	1720.000
448.156	1717.000
448.934	1726.000
449.712	1727.000
450.491	1726.000
451.269	1724.000
452.047	1730.000
452.825	1732.000
453.603	1729.000
454.381	1720.000
455.159	1728.000
455.937	1722.000
456.715	1723.000
457.493	1722.000
458.270	1726.000
459.048	1723.000
459.825	1729.000
460.603	1721.000
461.380	1722.000
462.157	1723.000
462.934	1719.000
463.712	1722.000
464.489	1724.000
465.266	1725.000
466.043	1722.000
466.819	1723.000
467.596	1720.000
468.373	1720.000
469.150	1718.000
469.926	1722.000
470.703	1718.000
471.479	1718.000
472.255	1721.000
473.032	1716.000
473.808	1717.000
474.584	1718.000
475.360	1716.000
476.136	1717.000
476.912	1716.000
477.688	1716.000
478.464	1718.000
479.239	1717.000
480.015	1714.000
480.790	1719.000
481.566	1721.000
482.341	1718.000
483.117	1719.000
483.892	1717.000
484.667	1720.000
485.442	1715.000
486.217	1717.000
486.992	1721.000
487.767	1720.000
488.542	1715.000
489.317	1713.000
490.091	1718.000
490.866	1721.000
491.641	1721.000
492.415	1712.000
493.190	1721.000
493.964	1716.000
494.738	1720.000
495.512	1718.000
496.286	1716.000
497.060	1716.000
497.834	1722.000
498.608	1722.000
499.382	1720.000
500.156	1712.000
500.930	1712.000
501.703	1720.000
502.477	1725.000
503.250	1721.000
504.024	1720.000
504.797	1728.000
505.570	1717.000
506.343	1720.000
507.116	1717.000
507.889	1717.000
508.662	1716.000
509.435	1723.000
510.208	1721.000
510.981	1722.000
511.754	1717.000
512.526	1718.000
513.299	1714.000
514.071	1719.000
514.843	1725.000
515.616	1726.000
516.388	1716.000
517.160	1722.000
517.932	1722.000
518.704	1724.000
519.476	1723.000
520.248	1721.000
521.020	1723.000
521.791	1717.000
522.563	1722.000
523.335	1726.000
524.106	1724.000
524.878	1720.000
525.649	1725.000
526.420	1720.000
527.191	1722.000
527.963	1720.000
528.734	1722.000
529.505	1722.000
530.275	1720.000
531.046	1718.000
531.817	1718.000
532.588	1725.000
533.358	1722.000
534.129	1721.000
534.899	1720.000
535.670	1728.000
536.440	1726.000
537.210	1722.000
537.980	1722.000
538.750	1728.000
539.520	1725.000
540.290	1723.000
541.060	1728.000
541.830	1726.000
542.600	1730.000
543.369	1726.000
544.139	1726.000
544.909	1725.000
545.678	1728.000
546.447	1727.000
547.217	1730.000
547.986	1727.000
548.755	1725.000
549.524	1722.000
550.293	1729.000
551.062	1723.000
551.831	1726.000
552.599	1734.000
553.368	1723.000
554.137	1733.000
554.905	1723.000
555.674	1731.000
556.442	1725.000
557.210	1728.000
557.979	1726.000
558.747	1724.000
559.515	1725.000
560.283	1723.000
561.051	1727.000
561.819	1721.000
562.586	1727.000
563.354	1721.000
564.122	1730.000
564.889	1726.000
565.657	1726.000
566.424	1720.000
567.191	1732.000
567.959	1724.000
568.726	1730.000
569.493	1721.000
570.260	1730.000
571.027	1725.000
571.794	1732.000
572.561	1732.000
573.327	1727.000
574.094	1724.000
574.860	1726.000
575.627	1726.000
576.393	1726.000
577.160	1727.000
577.926	1734.000
578.692	1732.000
579.458	1725.000
580.224	1733.000
580.990	1727.000
581.756	1726.000
582.522	1725.000
583.288	1728.000
584.053	1722.000
584.819	1727.000
585.585	1724.000
586.350	1723.000
587.115	1727.000
587.881	1724.000
588.646	1730.000
589.411	1722.000
590.176	1734.000
590.941	1731.000
591.706	1726.000
592.471	1726.000
593.235	1727.000
594.000	1724.000
594.765	1726.000
595.529	1729.000
596.294	1738.000
597.058	1728.000
597.822	1723.000
598.587	1722.000
599.351	1721.000
600.115	1731.000
600.879	1724.000
601.643	1729.000
602.406	1725.000
603.170	1730.000
603.934	1729.000
604.698	1728.000
605.461	1722.000
606.224	1727.000
606.988	1727.000
607.751	1727.000
608.514	1725.000
609.278	1729.000
610.041	1731.000
610.804	1732.000
611.566	1734.000
612.329	1731.000
613.092	1729.000
613.855	1720.000
614.617	1723.000
615.380	1725.000
616.142	1725.000
616.905	1719.000
617.667	1725.000
618.429	1722.000
619.191	1726.000
619.953	1719.000
620.715	1718.000
621.477	1721.000
622.239	1721.000
623.001	1725.000
623.763	1726.000
624.524	1723.000
625.286	1721.000
626.047	1724.000
626.808	1720.000
627.570	1729.000
628.331	1718.000
629.092	1729.000
629.853	1721.000
630.614	1727.000
631.375	1720.000
632.136	1724.000
632.896	1723.000
633.657	1718.000
634.418	1723.000
635.178	1721.000
635.939	1720.000
636.699	1718.000
637.459	1722.000
638.219	1721.000
638.980	1722.000
639.740	1721.000
640.500	1720.000
641.260	1722.000
642.019	1722.000
642.779	1720.000
643.539	1722.000
644.298	1718.000
645.058	1717.000
645.817	1727.000
646.576	1726.000
647.336	1722.000
648.095	1718.000
648.854	1717.000
649.613	1718.000
650.372	1723.000
651.131	1716.000
651.890	1725.000
652.648	1721.000
653.407	1723.000
654.165	1720.000
654.924	1720.000
655.682	1717.000
656.441	1726.000
657.199	1726.000
657.957	1724.000
658.715	1724.000
659.473	1720.000
660.231	1726.000
660.989	1724.000
661.747	1720.000
662.504	1724.000
663.262	1726.000
664.019	1726.000
664.777	1722.000
665.534	1726.000
666.291	1727.000
667.049	1718.000
667.806	1731.000
668.563	1726.000
669.320	1723.000
670.077	1719.000
670.833	1722.000
671.590	1726.000
672.347	1730.000
673.103	1722.000
673.860	1726.000
674.616	1728.000
675.373	1726.000
676.129	1728.000
676.885	1727.000
677.641	1732.000
678.397	1735.000
679.153	1727.000
679.909	1727.000
680.665	1730.000
681.420	1729.000
682.176	1734.000
682.931	1729.000
683.687	1732.000
684.442	1739.000
685.198	1735.000
685.953	1741.000
686.708	1740.000
687.463	1743.000
688.218	1737.000
688.973	1740.000
689.728	1737.000
690.482	1746.000
691.237	1740.000
691.992	1759.000
692.746	1741.000
693.500	1746.000
694.255	1746.000
695.009	1752.000
695.763	1750.000
696.517	1754.000
697.271	1749.000
698.025	1757.000
698.779	1760.000
699.533	1757.000
700.286	1762.000
701.040	1769.000
701.794	1762.000
702.547	1767.000
703.300	1776.000
704.054	1772.000
704.807	1781.000
705.560	1777.000
706.313	1790.000
707.066	1788.000
707.819	1791.000
708.572	1790.000
709.324	1799.000
710.077	1802.000
710.829	1802.000
711.582	1802.000
712.334	1812.000
713.087	1814.000
713.839	1822.000
714.591	1833.000
715.343	1829.000
716.095	1842.000
716.847	1835.000
717.599	1854.000
718.350	1853.000
719.102	1857.000
719.854	1868.000
720.605	1873.000
721.357	1879.000
722.108	1886.000
722.859	1897.000
723.610	1898.000
724.361	1907.000
725.112	1906.000
725.863	1925.000
726.614	1935.000
727.365	1949.000
728.116	1950.000
728.866	1965.000
729.617	1982.000
730.367	1987.000
731.117	1986.000
731.868	2006.000
732.618	2014.000
733.368	2027.000
734.118	2026.000
734.868	2048.000
735.618	2056.000
736.368	2081.000
737.117	2086.000
737.867	2099.000
738.616	2112.000
739.366	2114.000
740.115	2135.000
740.864	2144.000
741.614	2176.000
742.363	2180.000
743.112	2193.000
743.861	2214.000
744.610	2241.000
745.358	2230.000
746.107	2274.000
746.856	2283.000
747.604	2284.000
748.353	2312.000
749.101	2306.000
749.849	2350.000
750.598	2354.000
751.346	2372.000
752.094	2384.000
752.842	2386.000
753.589	2411.000
754.337	2442.000
755.085	2461.000
755.833	2456.000
756.580	2466.000
757.328	2468.000
758.075	2507.000
758.822	2511.000
759.569	2540.000
760.317	2541.000
761.064	2558.000
761.811	2576.000
762.557	2585.000
763.304	2577.000
764.051	2602.000
764.798	2638.000
765.544	2634.000
766.291	2627.000
767.037	2649.000
767.783	2660.000
768.529	2659.000
769.276	2661.000
770.022	2679.000
770.768	2692.000
771.513	2702.000
772.259	2688.000
773.005	2703.000
773.751	2695.000
774.496	2699.000
775.242	2692.000
775.987	2671.000
776.732	2694.000
777.477	2698.000
778.222	2681.000
778.968	2674.000
779.712	2673.000
780.457	2673.000
781.202	2667.000
781.947	2655.000
782.691	2632.000
783.436	2626.000
784.180	2609.000
784.925	2626.000
785.669	2608.000
786.413	2577.000
787.157	2565.000
787.901	2554.000
788.645	2518.000
789.389	2515.000
790.133	2507.000
790.877	2495.000
791.620	2464.000
792.364	2440.000
793.107	2433.000
793.850	2405.000
794.594	2416.000
795.337	2381.000
796.080	2355.000
796.823	2342.000
797.566	2334.000
798.309	2293.000
799.052	2304.000
799.794	2265.000
800.537	2246.000
801.279	2232.000
802.022	2220.000
802.764	2200.000
803.506	2183.000
804.248	2176.000
804.991	2155.000
805.732	2146.000
806.474	2126.000
807.216	2117.000
807.958	2090.000
808.700	2092.000
809.441	2065.000
810.183	2054.000
810.924	2058.000
811.665	2031.000
812.407	2021.000
813.148	2017.000
813.889	2006.000
814.630	2002.000
815.371	1976.000
816.111	1974.000
816.852	1955.000
817.593	1961.000
818.333	1947.000
819.074	1937.000
819.814	1927.000
820.554	1917.000
821.295	1911.000
822.035	1908.000
822.775	1907.000
823.515	1897.000
824.254	1884.000
824.994	1873.000
825.734	1874.000
826.474	1865.000
827.213	1870.000
827.952	1856.000
828.692	1847.000
829.431	1843.000
830.170	1846.000
830.909	1844.000
831.648	1841.000
832.387	1834.000
833.126	1827.000
833.865	1829.000
834.603	1821.000
835.342	1814.000
836.080	1812.000
836.819	1819.000
837.557	1799.000
838.295	1799.000
839.033	1796.000
839.771	1790.000
840.509	1786.000
841.247	1786.000
841.985	1790.000
842.723	1791.000
843.460	1781.000
844.198	1788.000
844.935	1779.000
845.673	1777.000
846.410	1774.000
847.147	1767.000
847.884	1770.000
848.621	1767.000
849.358	1765.000
850.095	1752.000
850.832	1757.000
851.568	1761.000
852.305	1759.000
853.041	1762.000
853.778	1750.000
854.514	1755.000
855.250	1754.000
855.986	1746.000
856.722	1748.000
857.458	1756.000
858.194	1747.000
858.930	1747.000
859.666	1740.000
860.401	1740.000
861.137	1741.000
861.872	1744.000
862.608	1743.000
863.343	1741.000
864.078	1739.000
864.813	1739.000
865.548	1738.000
866.283	1737.000
867.018	1744.000
867.753	1734.000
868.487	1736.000
869.222	1730.000
869.956	1732.000
870.691	1737.000
871.425	1736.000
872.159	1729.000
872.893	1735.000
873.627	1732.000
874.361	1733.000
875.095	1732.000
875.829	1720.000
876.562	1735.000
877.296	1728.000
878.030	1727.000
878.763	1732.000
879.496	1729.000
880.229	1735.000
880.963	1725.000
881.696	1725.000
882.429	1725.000
883.162	1729.000
883.894	1730.000
884.627	1727.000
885.360	1719.000
886.092	1728.000
886.825	1725.000
887.557	1725.000
888.289	1718.000
889.021	1728.000
889.753	1723.000
890.485	1724.000
891.217	1726.000
891.949	1722.000
892.681	1722.000
893.413	1724.000
894.144	1715.000
894.876	1720.000
895.607	1723.000
896.338	1724.000
897.069	1717.000
897.801	1752.000
898.532	1721.000
899.262	1728.000
899.993	1721.000
900.724	1721.000
901.455	1722.000
902.185	1722.000
902.916	1725.000
903.646	1718.000
904.376	1724.000
905.107	1719.000
905.837	1726.000
906.567	1719.000
907.297	1719.000
908.027	1717.000
908.756	1722.000
909.486	1716.000
910.216	1717.000
910.945	1728.000
911.675	1717.000
912.404	1721.000
913.133	1720.000
913.862	1720.000
914.591	1716.000
915.320	1722.000
916.049	1717.000
916.778	1725.000
917.507	1715.000
918.235	1722.000
918.964	1713.000
919.692	1724.000
920.420	1723.000
921.149	1717.000
921.877	1714.000
922.605	1719.000
923.333	1720.000
924.061	1717.000
924.789	1724.000
925.516	1714.000
926.244	1717.000
926.971	1716.000
927.699	1719.000
928.426	1712.000
929.153	1715.000
929.881	1715.000
930.608	1722.000
931.335	1718.000
932.062	1718.000
932.788	1714.000
933.515	1719.000
934.242	1716.000
934.968	1719.000
935.695	1717.000
936.421	1720.000
937.147	1717.000
937.873	1719.000
938.599	1719.000
939.325	1718.000
940.051	1722.000
940.777	1717.000
941.503	1719.000
942.228	1713.000
942.954	1720.000
943.679	1715.000
944.405	1719.000
945.130	1718.000
945.855	1716.000
946.580	1715.000
947.305	1717.000
948.030	1722.000
948.755	1713.000
949.480	1713.000
950.204	1717.000
950.929	1719.000
951.653	1716.000
952.378	1718.000
953.102	1716.000
953.826	1719.000
954.550	1713.000
955.274	1718.000
955.998	1713.000
956.722	1720.000
957.445	1720.000
958.169	1710.000
958.892	1714.000
959.616	1720.000
960.339	1718.000
961.062	1716.000
961.786	1734.000
962.509	1719.000
963.232	1718.000
963.955	1714.000
964.677	1719.000
965.400	1716.000
966.123	1715.000
966.845	1713.000
967.568	1713.000
968.290	1722.000
969.012	1723.000
969.734	1719.000
970.456	1719.000
971.178	1718.000
971.900	1717.000
972.622	1711.000
973.344	1726.000
974.065	1726.000
974.787	1721.000
975.508	1716.000
976.229	1716.000
976.951	1716.000
977.672	1717.000
978.393	1716.000
979.114	1710.000
979.834	1716.000
980.555	1718.000
981.276	1718.000
981.996	1719.000
982.717	1716.000
983.437	1717.000
984.158	1716.000
984.878	1720.000
985.598	1712.000
986.318	1719.000
987.038	1720.000
987.758	1715.000
988.477	1714.000
989.197	1720.000
989.917	1721.000
990.636	1717.000
991.355	1718.000
992.075	1719.000
992.794	1718.000
993.513	1728.000
994.232	1717.000
994.951	1722.000
995.670	1712.000
996.388	1721.000
997.107	1721.000
997.826	1723.000
998.544	1716.000
999.262	1718.000
999.980	1717.000
1000.699	1717.000
1001.417	1717.000
1002.135	1717.000
1002.853	1724.000
1003.570	1720.000
1004.288	1719.000
1005.006	1721.000
1005.723	1714.000
1006.440	1717.000
1007.158	1718.000
1007.875	1720.000
1008.592	1717.000
1009.309	1718.000
1010.026	1721.000
1010.743	1717.000
1011.460	1714.000
1012.176	1718.000
1012.893	1714.000
1013.609	1724.000
1014.326	1715.000
1015.042	1721.000
1015.758	1720.000
1016.474	1719.000
1017.190	1716.000
1017.906	1717.000
1018.622	1721.000
1019.338	1718.000
1020.053	1723.000
1020.769	1714.000
1021.484	1719.000
1022.200	1711.000
1022.915	1720.000
1023.630	1719.000
1024.345	1720.000
1025.060	1715.000
1025.775	1723.000
1026.490	1720.000
1027.204	1720.000
1027.919	1718.000
1028.633	1717.000
1029.348	1719.000
1030.062	1716.000
1030.776	1712.000
1031.490	1711.000
1032.204	1714.000
1032.918	1709.000
1033.632	1713.000
1034.346	1713.000
1035.059	1710.000
1035.773	1702.000
1036.486	1708.000
1037.200	1700.000
