wavelength	counts
247.432	1723.000
248.227	1703.000
249.023	1701.000
249.818	1703.000
250.613	1709.000
251.408	1707.000
252.203	1712.000
252.999	1711.000
253.794	1719.000
254.588	1714.000
255.383	1715.000
256.178	1714.000
256.973	1714.000
257.768	1715.000
258.562	1714.000
259.357	1715.000
260.151	1709.000
260.946	1717.000
261.740	1715.000
262.534	1716.000
263.328	1712.000
264.123	1716.000
264.917	1716.000
265.711	1712.000
266.505	1714.000
267.299	1713.000
268.093	1714.000
268.886	1720.000
269.680	1713.000
270.474	1713.000
271.267	1717.000
272.061	1716.000
272.854	1718.000
273.648	1716.000
274.441	1718.000
275.234	1715.000
276.028	1723.000
276.821	1715.000
277.614	1717.000
278.407	1711.000
279.200	1718.000
279.993	1711.000
280.786	1719.000
281.578	1717.000
282.371	1717.000
283.164	1711.000
283.956	1712.000
284.749	1716.000
285.541	1717.000
286.334	1720.000
287.126	1719.000
287.918	1714.000
288.710	1715.000
289.503	1719.000
290.295	1717.000
291.087	1722.000
291.879	1722.000
292.670	1716.000
293.462	1718.000
294.254	1714.000
295.046	1718.000
295.837	1720.000
296.629	1721.000
297.420	1720.000
298.212	1714.000
299.003	1718.000
299.794	1718.000
300.586	1718.000
301.377	1714.000
302.168	1714.000
302.959	1716.000
303.750	1715.000
304.541	1718.000
305.332	1715.000
306.123	1718.000
306.913	1714.000
307.704	1717.000
308.494	1716.000
309.285	1715.000
310.075	1717.000
310.866	1719.000
311.656	1719.000
312.446	1713.000
313.237	1718.000
314.027	1712.000
314.817	1717.000
315.607	1717.000
316.397	1718.000
317.187	1719.000
317.976	1723.000
318.766	1718.000
319.556	1717.000
320.345	1721.000
321.135	1716.000
321.924	1714.000
322.714	1718.000
323.503	1719.000
324.293	1714.000
325.082	1716.000
325.871	1719.000
326.660	1727.000
327.449	1718.000
328.238	1720.000
329.027	1726.000
329.816	1716.000
330.604	1713.000
331.393	1720.000
332.182	1720.000
332.970	1719.000
333.759	1718.000
334.547	1720.000
335.336	1721.000
336.124	1717.000
336.912	1717.000
337.700	1715.000
338.488	1721.000
339.276	1720.000
340.064	1723.000
340.852	1718.000
341.640	1715.000
342.428	1716.000
343.216	1723.000
344.003	1721.000
344.791	1714.000
345.578	1719.000
346.366	1715.000
347.153	1716.000
347.940	1718.000
348.728	1715.000
349.515	1714.000
350.302	1712.000
351.089	1714.000
351.876	1717.000
352.663	1717.000
353.450	1715.000
354.236	1713.000
355.023	1715.000
355.810	1713.000
356.596	1718.000
357.383	1713.000
358.169	1722.000
358.956	1718.000
359.742	1715.000
360.528	1721.000
361.314	1717.000
362.100	1722.000
362.886	1713.000
363.672	1725.000
364.458	1709.000
365.244	1718.000
366.030	1718.000
366.816	1714.000
367.601	1711.000
368.387	1715.000
369.172	1713.000
369.958	1713.000
370.743	1710.000
371.528	1716.000
372.314	1718.000
373.099	1715.000
373.884	1712.000
374.669	1715.000
375.454	1716.000
376.239	1715.000
377.024	1718.000
377.808	1715.000
378.593	1716.000
379.378	1714.000
380.162	1715.000
380.947	1712.000
381.731	1717.000
382.515	1710.000
383.300	1715.000
384.084	1715.000
384.868	1715.000
385.652	1717.000
386.436	1714.000
387.220	1719.000
388.004	1715.000
388.788	1716.000
389.572	1718.000
390.355	1720.000
391.139	1714.000
391.922	1719.000
392.706	1712.000
393.489	1714.000
394.273	1713.000
395.056	1715.000
395.839	1717.000
396.622	1714.000
397.405	1713.000
398.188	1717.000
398.971	1713.000
399.754	1717.000
400.537	1719.000
401.319	1714.000
402.102	1717.000
402.885	1716.000
403.667	1720.000
404.450	1729.000
405.232	1734.000
406.014	1718.000
406.797	1721.000
407.579	1718.000
408.361	1717.000
409.143	1723.000
409.925	1720.000
410.707	1714.000
411.488	1715.000
412.270	1719.000
413.052	1715.000
413.833	1720.000
414.615	1713.000
415.397	1714.000
416.178	1717.000
416.959	1718.000
417.741	1710.000
418.522	1717.000
419.303	1715.000
420.084	1715.000
420.865	1716.000
421.646	1718.000
422.427	1714.000
423.207	1718.000
423.988	1715.000
424.769	1715.000
425.549	1715.000
426.330	1712.000
427.110	1719.000
427.891	1709.000
428.671	1715.000
429.451	1714.000
430.231	1715.000
431.011	1712.000
431.791	1712.000
432.571	1715.000
433.351	1713.000
434.131	1714.000
434.911	1715.000
435.690	1710.000
436.470	1717.000
437.250	1719.000
438.029	1715.000
438.808	1716.000
439.588	1715.000
440.367	1725.000
441.146	1713.000
441.925	1717.000
442.704	1713.000
443.483	1718.000
444.262	1717.000
445.041	1712.000
445.820	1716.000
446.598	1721.000
447.377	1721.000
448.156	1722.000
448.934	1731.000
449.712	1728.000
450.491	1726.000
451.269	1724.000
452.047	1728.000
452.825	1720.000
453.603	1731.000
454.381	1721.000
455.159	1723.000
455.937	1731.000
456.715	1726.000
457.493	1724.000
458.270	1726.000
459.048	1723.000
459.825	1734.000
460.603	1724.000
461.380	1724.000
462.157	1728.000
462.934	1719.000
463.712	1723.000
464.489	1730.000
465.266	1728.000
466.043	1724.000
466.819	1724.000
467.596	1724.000
468.373	1722.000
469.150	1724.000
469.926	1724.000
470.703	1718.000
471.479	1721.000
472.255	1719.000
473.032	1724.000
473.808	1721.000
474.584	1717.000
475.360	1719.000
476.136	1725.000
476.912	1722.000
477.688	1724.000
478.464	1720.000
479.239	1722.000
480.015	1722.000
480.790	1720.000
481.566	1724.000
482.341	1725.000
483.117	1721.000
483.892	1718.000
484.667	1721.000
485.442	1719.000
486.217	1718.000
486.992	1720.000
487.767	1720.000
488.542	1722.000
489.317	1718.000
490.091	1722.000
490.866	1719.000
491.641	1726.000
492.415	1718.000
493.190	1722.000
493.964	1722.000
494.738	1720.000
495.512	1720.000
496.286	1722.000
497.060	1712.000
497.834	1721.000
498.608	1718.000
499.382	1726.000
500.156	1720.000
500.930	1721.000
501.703	1718.000
502.477	1721.000
503.250	1726.000
504.024	1722.000
504.797	1725.000
505.570	1723.000
506.343	1724.000
507.116	1723.000
507.889	1722.000
508.662	1718.000
509.435	1728.000
510.208	1719.000
510.981	1726.000
511.754	1719.000
512.526	1722.000
513.299	1721.000
514.071	1715.000
514.843	1726.000
515.616	1727.000
516.388	1727.000
517.160	1727.000
517.932	1727.000
518.704	1726.000
519.476	1723.000
520.248	1719.000
521.020	1729.000
521.791	1728.000
522.563	1731.000
523.335	1724.000
524.106	1731.000
524.878	1727.000
525.649	1725.000
526.420	1725.000
527.191	1730.000
527.963	1726.000
528.734	1724.000
529.505	1730.000
530.275	1728.000
531.046	1730.000
531.817	1725.000
532.588	1731.000
533.358	1726.000
534.129	1729.000
534.899	1725.000
535.670	1730.000
536.440	1733.000
537.210	1733.000
537.980	1735.000
538.750	1734.000
539.520	1734.000
540.290	1729.000
541.060	1731.000
541.830	1735.000
542.600	1734.000
543.369	1739.000
544.139	1739.000
544.909	1735.000
545.678	1731.000
546.447	1729.000
547.217	1735.000
547.986	1735.000
548.755	1729.000
549.524	1728.000
550.293	1737.000
551.062	1739.000
551.831	1731.000
552.599	1731.000
553.368	1726.000
554.137	1729.000
554.905	1724.000
555.674	1730.000
556.442	1728.000
557.210	1738.000
557.979	1730.000
558.747	1727.000
559.515	1733.000
560.283	1734.000
561.051	1731.000
561.819	1733.000
562.586	1734.000
563.354	1732.000
564.122	1734.000
564.889	1733.000
565.657	1739.000
566.424	1739.000
567.191	1735.000
567.959	1731.000
568.726	1729.000
569.493	1732.000
570.260	1735.000
571.027	1735.000
571.794	1739.000
572.561	1733.000
573.327	1739.000
574.094	1734.000
574.860	1729.000
575.627	1731.000
576.393	1735.000
577.160	1739.000
577.926	1743.000
578.692	1735.000
579.458	1734.000
580.224	1735.000
580.990	1737.000
581.756	1739.000
582.522	1740.000
583.288	1735.000
584.053	1725.000
584.819	1742.000
585.585	1733.000
586.350	1736.000
587.115	1734.000
587.881	1736.000
588.646	1734.000
589.411	1733.000
590.176	1736.000
590.941	1729.000
591.706	1732.000
592.471	1734.000
593.235	1736.000
594.000	1733.000
594.765	1733.000
595.529	1731.000
596.294	1743.000
597.058	1730.000
597.822	1732.000
598.587	1730.000
599.351	1729.000
600.115	1737.000
600.879	1731.000
601.643	1733.000
602.406	1733.000
603.170	1729.000
603.934	1729.000
604.698	1733.000
605.461	1729.000
606.224	1731.000
606.988	1734.000
607.751	1735.000
608.514	1734.000
609.278	1736.000
610.041	1736.000
610.804	1739.000
611.566	1746.000
612.329	1741.000
613.092	1740.000
613.855	1736.000
614.617	1730.000
615.380	1735.000
616.142	1728.000
616.905	1728.000
617.667	1729.000
618.429	1730.000
619.191	1731.000
619.953	1727.000
620.715	1728.000
621.477	1730.000
622.239	1733.000
623.001	1731.000
623.763	1733.000
624.524	1730.000
625.286	1730.000
626.047	1728.000
626.808	1729.000
627.570	1731.000
628.331	1729.000
629.092	1732.000
629.853	1725.000
630.614	1732.000
631.375	1725.000
632.136	1731.000
632.896	1725.000
633.657	1726.000
634.418	1732.000
635.178	1729.000
635.939	1727.000
636.699	1728.000
637.459	1726.000
638.219	1728.000
638.980	1728.000
639.740	1724.000
640.500	1725.000
641.260	1724.000
642.019	1721.000
642.779	1723.000
643.539	1728.000
644.298	1728.000
645.058	1727.000
645.817	1728.000
646.576	1732.000
647.336	1726.000
648.095	1728.000
648.854	1725.000
649.613	1724.000
650.372	1727.000
651.131	1722.000
651.890	1731.000
652.648	1728.000
653.407	1729.000
654.165	1727.000
654.924	1729.000
655.682	1720.000
656.441	1724.000
657.199	1725.000
657.957	1726.000
658.715	1728.000
659.473	1722.000
660.231	1729.000
660.989	1722.000
661.747	1725.000
662.504	1723.000
663.262	1727.000
664.019	1718.000
664.777	1725.000
665.534	1727.000
666.291	1730.000
667.049	1727.000
667.806	1725.000
668.563	1733.000
669.320	1719.000
670.077	1724.000
670.833	1725.000
671.590	1727.000
672.347	1721.000
673.103	1726.000
673.860	1720.000
674.616	1728.000
675.373	1718.000
676.129	1728.000
676.885	1730.000
677.641	1724.000
678.397	1722.000
679.153	1722.000
679.909	1725.000
680.665	1722.000
681.420	1725.000
682.176	1721.000
682.931	1719.000
683.687	1727.000
684.442	1730.000
685.198	1725.000
685.953	1724.000
686.708	1721.000
687.463	1726.000
688.218	1731.000
688.973	1722.000
689.728	1720.000
690.482	1726.000
691.237	1722.000
691.992	1739.000
692.746	1729.000
693.500	1733.000
694.255	1736.000
695.009	1735.000
695.763	1727.000
696.517	1725.000
697.271	1726.000
698.025	1727.000
698.779	1728.000
699.533	1720.000
700.286	1724.000
701.040	1720.000
701.794	1723.000
702.547	1723.000
703.300	1723.000
704.054	1721.000
704.807	1723.000
705.560	1720.000
706.313	1722.000
707.066	1724.000
707.819	1730.000
708.572	1727.000
709.324	1726.000
710.077	1723.000
710.829	1724.000
711.582	1721.000
712.334	1726.000
713.087	1725.000
713.839	1721.000
714.591	1728.000
715.343	1726.000
716.095	1728.000
716.847	1718.000
717.599	1723.000
718.350	1717.000
719.102	1720.000
719.854	1726.000
720.605	1722.000
721.357	1721.000
722.108	1728.000
722.859	1726.000
723.610	1720.000
724.361	1723.000
725.112	1723.000
725.863	1722.000
726.614	1721.000
727.365	1724.000
728.116	1725.000
728.866	1718.000
729.617	1718.000
730.367	1722.000
731.117	1720.000
731.868	1723.000
732.618	1718.000
733.368	1717.000
734.118	1719.000
734.868	1722.000
735.618	1721.000
736.368	1719.000
737.117	1719.000
737.867	1717.000
738.616	1718.000
739.366	1716.000
740.115	1721.000
740.864	1718.000
741.614	1732.000
742.363	1722.000
743.112	1722.000
743.861	1721.000
744.610	1718.000
745.358	1717.000
746.107	1721.000
746.856	1720.000
747.604	1718.000
748.353	1726.000
749.101	1721.000
749.849	1721.000
750.598	1715.000
751.346	1723.000
752.094	1717.000
752.842	1725.000
753.589	1713.000
754.337	1716.000
755.085	1718.000
755.833	1722.000
756.580	1714.000
757.328	1718.000
758.075	1713.000
758.822	1714.000
759.569	1719.000
760.317	1716.000
761.064	1716.000
761.811	1715.000
762.557	1718.000
763.304	1721.000
764.051	1721.000
764.798	1712.000
765.544	1719.000
766.291	1718.000
767.037	1717.000
767.783	1720.000
768.529	1718.000
769.276	1717.000
770.022	1715.000
770.768	1724.000
771.513	1716.000
772.259	1725.000
773.005	1718.000
773.751	1718.000
774.496	1716.000
775.242	1720.000
775.987	1715.000
776.732	1718.000
777.477	1716.000
778.222	1715.000
778.968	1718.000
779.712	1712.000
780.457	1714.000
781.202	1717.000
781.947	1719.000
782.691	1720.000
783.436	1717.000
784.180	1713.000
784.925	1716.000
785.669	1712.000
786.413	1718.000
787.157	1720.000
787.901	1722.000
788.645	1717.000
789.389	1716.000
790.133	1716.000
790.877	1717.000
791.620	1718.000
792.364	1714.000
793.107	1715.000
793.850	1719.000
794.594	1715.000
795.337	1717.000
796.080	1718.000
796.823	1715.000
797.566	1716.000
798.309	1718.000
799.052	1716.000
799.794	1715.000
800.537	1719.000
801.279	1717.000
802.022	1717.000
802.764	1721.000
803.506	1718.000
804.248	1717.000
804.991	1719.000
805.732	1716.000
806.474	1715.000
807.216	1714.000
807.958	1716.000
808.700	1717.000
809.441	1710.000
810.183	1712.000
810.924	1712.000
811.665	1718.000
812.407	1711.000
813.148	1715.000
813.889	1718.000
814.630	1716.000
815.371	1716.000
816.111	1716.000
816.852	1717.000
817.593	1714.000
818.333	1713.000
819.074	1715.000
819.814	1714.000
820.554	1714.000
821.295	1716.000
822.035	1718.000
822.775	1713.000
823.515	1716.000
824.254	1718.000
824.994	1714.000
825.734	1716.000
826.474	1717.000
827.213	1719.000
827.952	1713.000
828.692	1715.000
829.431	1710.000
830.170	1717.000
830.909	1718.000
831.648	1715.000
832.387	1709.000
833.126	1715.000
833.865	1720.000
834.603	1714.000
835.342	1715.000
836.080	1716.000
836.819	1715.000
837.557	1713.000
838.295	1718.000
839.033	1713.000
839.771	1716.000
840.509	1713.000
841.247	1719.000
841.985	1717.000
842.723	1727.000
843.460	1716.000
844.198	1717.000
844.935	1715.000
845.673	1717.000
846.410	1722.000
847.147	1711.000
847.884	1713.000
848.621	1715.000
849.358	1719.000
850.095	1714.000
850.832	1715.000
851.568	1713.000
852.305	1719.000
853.041	1713.000
853.778	1711.000
854.514	1714.000
855.250	1715.000
855.986	1713.000
856.722	1715.000
857.458	1717.000
858.194	1717.000
858.930	1713.000
859.666	1717.000
860.401	1716.000
861.137	1716.000
861.872	1714.000
862.608	1717.000
863.343	1711.000
864.078	1711.000
864.813	1713.000
865.548	1714.000
866.283	1716.000
867.018	1715.000
867.753	1712.000
868.487	1718.000
869.222	1714.000
869.956	1714.000
870.691	1717.000
871.425	1714.000
872.159	1712.000
872.893	1714.000
873.627	1706.000
874.361	1717.000
875.095	1718.000
875.829	1712.000
876.562	1713.000
877.296	1709.000
878.030	1715.000
878.763	1719.000
879.496	1712.000
880.229	1719.000
880.963	1715.000
881.696	1713.000
882.429	1721.000
883.162	1720.000
883.894	1718.000
884.627	1715.000
885.360	1716.000
886.092	1716.000
886.825	1713.000
887.557	1713.000
888.289	1708.000
889.021	1715.000
889.753	1720.000
890.485	1717.000
891.217	1716.000
891.949	1713.000
892.681	1717.000
893.413	1714.000
894.144	1707.000
894.876	1717.000
895.607	1713.000
896.338	1716.000
897.069	1718.000
897.801	1740.000
898.532	1719.000
899.262	1720.000
899.993	1716.000
900.724	1714.000
901.455	1716.000
902.185	1715.000
902.916	1714.000
903.646	1718.000
904.376	1716.000
905.107	1714.000
905.837	1714.000
906.567	1716.000
907.297	1716.000
908.027	1717.000
908.756	1713.000
909.486	1715.000
910.216	1716.000
910.945	1719.000
911.675	1713.000
912.404	1716.000
913.133	1717.000
913.862	1718.000
914.591	1714.000
915.320	1717.000
916.049	1714.000
916.778	1712.000
917.507	1715.000
918.235	1716.000
918.964	1714.000
919.692	1714.000
920.420	1712.000
921.149	1714.000
921.877	1713.000
922.605	1717.000
923.333	1714.000
924.061	1718.000
924.789	1722.000
925.516	1709.000
926.244	1713.000
926.971	1723.000
927.699	1719.000
928.426	1715.000
929.153	1713.000
929.881	1712.000
930.608	1716.000
931.335	1716.000
932.062	1715.000
932.788	1713.000
933.515	1715.000
934.242	1713.000
934.968	1723.000
935.695	1716.000
936.421	1715.000
937.147	1713.000
937.873	1715.000
938.599	1715.000
939.325	1714.000
940.051	1719.000
940.777	1716.000
941.503	1714.000
942.228	1715.000
942.954	1718.000
943.679	1716.000
944.405	1712.000
945.130	1716.000
945.855	1712.000
946.580	1715.000
947.305	1714.000
948.030	1717.000
948.755	1712.000
949.480	1716.000
950.204	1716.000
950.929	1716.000
951.653	1714.000
952.378	1719.000
953.102	1712.000
953.826	1719.000
954.550	1708.000
955.274	1711.000
955.998	1714.000
956.722	1718.000
957.445	1719.000
958.169	1716.000
958.892	1717.000
959.616	1722.000
960.339	1717.000
961.062	1716.000
961.786	1730.000
962.509	1718.000
963.232	1717.000
963.955	1717.000
964.677	1718.000
965.400	1719.000
966.123	1718.000
966.845	1717.000
967.568	1717.000
968.290	1719.000
969.012	1720.000
969.734	1721.000
970.456	1719.000
971.178	1719.000
971.900	1714.000
972.622	1716.000
973.344	1726.000
974.065	1729.000
974.787	1717.000
975.508	1718.000
976.229	1716.000
976.951	1720.000
977.672	1716.000
978.393	1716.000
979.114	1718.000
979.834	1722.000
980.555	1720.000
981.276	1717.000
981.996	1714.000
982.717	1715.000
983.437	1721.000
984.158	1718.000
984.878	1718.000
985.598	1714.000
986.318	1715.000
987.038	1719.000
987.758	1717.000
988.477	1717.000
989.197	1715.000
989.917	1718.000
990.636	1719.000
991.355	1716.000
992.075	1719.000
992.794	1717.000
993.513	1724.000
994.232	1721.000
994.951	1721.000
995.670	1721.000
996.388	1721.000
997.107	1716.000
997.826	1719.000
998.544	1719.000
999.262	1716.000
999.980	1714.000
1000.699	1717.000
1001.417	1718.000
1002.135	1716.000
1002.853	1720.000
1003.570	1719.000
1004.288	1719.000
1005.006	1718.000
1005.723	1712.000
1006.440	1721.000
1007.158	1717.000
1007.875	1721.000
1008.592	1716.000
1009.309	1717.000
1010.026	1713.000
1010.743	1718.000
1011.460	1712.000
1012.176	1714.000
1012.893	1718.000
1013.609	1716.000
1014.326	1720.000
1015.042	1724.000
1015.758	1718.000
1016.474	1713.000
1017.190	1718.000
1017.906	1723.000
1018.622	1720.000
1019.338	1716.000
1020.053	1720.000
1020.769	1717.000
1021.484	1720.000
1022.200	1715.000
1022.915	1719.000
1023.630	1718.000
1024.345	1719.000
1025.060	1715.000
1025.775	1720.000
1026.490	1720.000
1027.204	1718.000
1027.919	1716.000
1028.633	1718.000
1029.348	1716.000
1030.062	1719.000
1030.776	1709.000
1031.490	1711.000
1032.204	1714.000
1032.918	1717.000
1033.632	1717.000
1034.346	1716.000
1035.059	1708.000
1035.773	1701.000
1036.486	1702.000
1037.200	1701.000
