wavelength	counts
247.432	1721.000
248.227	1700.000
249.023	1702.000
249.818	1701.000
250.613	1713.000
251.408	1711.000
252.203	1711.000
252.999	1711.000
253.794	1712.000
254.588	1717.000
255.383	1715.000
256.178	1716.000
256.973	1712.000
257.768	1717.000
258.562	1714.000
259.357	1716.000
260.151	1712.000
260.946	1715.000
261.740	1713.000
262.534	1715.000
263.328	1715.000
264.123	1719.000
264.917	1717.000
265.711	1710.000
266.505	1709.000
267.299	1713.000
268.093	1715.000
268.886	1712.000
269.680	1721.000
270.474	1719.000
271.267	1716.000
272.061	1717.000
272.854	1720.000
273.648	1714.000
274.441	1716.000
275.234	1717.000
276.028	1720.000
276.821	1721.000
277.614	1710.000
278.407	1720.000
279.200	1717.000
279.993	1715.000
280.786	1715.000
281.578	1719.000
282.371	1713.000
283.164	1712.000
283.956	1716.000
284.749	1716.000
285.541	1718.000
286.334	1715.000
287.126	1714.000
287.918	1717.000
288.710	1722.000
289.503	1720.000
290.295	1714.000
291.087	1717.000
291.879	1718.000
292.670	1718.000
293.462	1720.000
294.254	1711.000
295.046	1718.000
295.837	1720.000
296.629	1721.000
297.420	1717.000
298.212	1720.000
299.003	1720.000
299.794	1715.000
300.586	1717.000
301.377	1711.000
302.168	1713.000
302.959	1718.000
303.750	1720.000
304.541	1717.000
305.332	1719.000
306.123	1712.000
306.913	1722.000
307.704	1716.000
308.494	1716.000
309.285	1719.000
310.075	1717.000
310.866	1724.000
311.656	1718.000
312.446	1712.000
313.237	1711.000
314.027	1711.000
314.817	1712.000
315.607	1719.000
316.397	1718.000
317.187	1711.000
317.976	1717.000
318.766	1720.000
319.556	1716.000
320.345	1719.000
321.135	1716.000
321.924	1719.000
322.714	1713.000
323.503	1714.000
324.293	1712.000
325.082	1719.000
325.871	1719.000
326.660	1718.000
327.449	1720.000
328.238	1718.000
329.027	1720.000
329.816	1714.000
330.604	1721.000
331.393	1720.000
332.182	1722.000
332.970	1711.000
333.759	1716.000
334.547	1718.000
335.336	1713.000
336.124	1714.000
336.912	1720.000
337.700	1718.000
338.488	1718.000
339.276	1722.000
340.064	1717.000
340.852	1718.000
341.640	1715.000
342.428	1719.000
343.216	1718.000
344.003	1716.000
344.791	1711.000
345.578	1719.000
346.366	1717.000
347.153	1720.000
347.940	1716.000
348.728	1717.000
349.515	1713.000
350.302	1716.000
351.089	1719.000
351.876	1715.000
352.663	1716.000
353.450	1713.000
354.236	1715.000
355.023	1720.000
355.810	1716.000
356.596	1719.000
357.383	1719.000
358.169	1718.000
358.956	1721.000
359.742	1715.000
360.528	1719.000
361.314	1712.000
362.100	1716.000
362.886	1716.000
363.672	1718.000
364.458	1712.000
365.244	1711.000
366.030	1717.000
366.816	1713.000
367.601	1717.000
368.387	1716.000
369.172	1717.000
369.958	1714.000
370.743	1717.000
371.528	1716.000
372.314	1720.000
373.099	1714.000
373.884	1715.000
374.669	1711.000
375.454	1717.000
376.239	1713.000
377.024	1718.000
377.808	1719.000
378.593	1716.000
379.378	1714.000
380.162	1712.000
380.947	1716.000
381.731	1713.000
382.515	1717.000
383.300	1715.000
384.084	1721.000
384.868	1715.000
385.652	1718.000
386.436	1715.000
387.220	1720.000
388.004	1715.000
388.788	1712.000
389.572	1717.000
390.355	1717.000
391.139	1716.000
391.922	1714.000
392.706	1716.000
393.489	1716.000
394.273	1713.000
395.056	1717.000
395.839	1715.000
396.622	1713.000
397.405	1719.000
398.188	1712.000
398.971	1715.000
399.754	1717.000
400.537	1717.000
401.319	1713.000
402.102	1713.000
402.885	1722.000
403.667	1746.000
404.450	1771.000
405.232	1790.000
406.014	1748.000
406.797	1723.000
407.579	1715.000
408.361	1713.000
409.143	1719.000
409.925	1715.000
410.707	1711.000
411.488	1716.000
412.270	1719.000
413.052	1716.000
413.833	1718.000
414.615	1711.000
415.397	1718.000
416.178	1718.000
416.959	1716.000
417.741	1715.000
418.522	1712.000
419.303	1711.000
420.084	1712.000
420.865	1718.000
421.646	1715.000
422.427	1715.000
423.207	1714.000
423.988	1709.000
424.769	1714.000
425.549	1715.000
426.330	1714.000
427.110	1722.000
427.891	1716.000
428.671	1717.000
429.451	1715.000
430.231	1717.000
431.011	1712.000
431.791	1713.000
432.571	1717.000
433.351	1718.000
434.131	1720.000
434.911	1719.000
435.690	1715.000
436.470	1714.000
437.250	1717.000
438.029	1709.000
438.808	1713.000
439.588	1714.000
440.367	1716.000
441.146	1718.000
441.925	1717.000
442.704	1714.000
443.483	1712.000
444.262	1714.000
445.041	1718.000
445.820	1715.000
446.598	1722.000
447.377	1721.000
448.156	1722.000
448.934	1728.000
449.712	1722.000
450.491	1731.000
451.269	1729.000
452.047	1729.000
452.825	1729.000
453.603	1731.000
454.381	1732.000
455.159	1726.000
455.937	1731.000
456.715	1723.000
457.493	1729.000
458.270	1726.000
459.048	1722.000
459.825	1731.000
460.603	1726.000
461.380	1724.000
462.157	1722.000
462.934	1721.000
463.712	1723.000
464.489	1720.000
465.266	1724.000
466.043	1718.000
466.819	1723.000
467.596	1720.000
468.373	1720.000
469.150	1718.000
469.926	1724.000
470.703	1715.000
471.479	1713.000
472.255	1721.000
473.032	1715.000
473.808	1715.000
474.584	1716.000
475.360	1716.000
476.136	1718.000
476.912	1713.000
477.688	1718.000
478.464	1718.000
479.239	1720.000
480.015	1716.000
480.790	1723.000
481.566	1715.000
482.341	1719.000
483.117	1716.000
483.892	1720.000
484.667	1723.000
485.442	1721.000
486.217	1717.000
486.992	1718.000
487.767	1723.000
488.542	1719.000
489.317	1714.000
490.091	1721.000
490.866	1718.000
491.641	1720.000
492.415	1714.000
493.190	1719.000
493.964	1722.000
494.738	1714.000
495.512	1721.000
496.286	1715.000
497.060	1718.000
497.834	1716.000
498.608	1718.000
499.382	1717.000
500.156	1721.000
500.930	1719.000
501.703	1718.000
502.477	1718.000
503.250	1716.000
504.024	1719.000
504.797	1715.000
505.570	1722.000
506.343	1715.000
507.116	1722.000
507.889	1720.000
508.662	1722.000
509.435	1719.000
510.208	1721.000
510.981	1723.000
511.754	1725.000
512.526	1721.000
513.299	1719.000
514.071	1719.000
514.843	1721.000
515.616	1725.000
516.388	1724.000
517.160	1723.000
517.932	1721.000
518.704	1727.000
519.476	1723.000
520.248	1725.000
521.020	1721.000
521.791	1726.000
522.563	1723.000
523.335	1721.000
524.106	1723.000
524.878	1719.000
525.649	1723.000
526.420	1719.000
527.191	1724.000
527.963	1729.000
528.734	1725.000
529.505	1720.000
530.275	1722.000
531.046	1720.000
531.817	1724.000
532.588	1724.000
533.358	1727.000
534.129	1730.000
534.899	1720.000
535.670	1725.000
536.440	1727.000
537.210	1727.000
537.980	1724.000
538.750	1721.000
539.520	1726.000
540.290	1724.000
541.060	1724.000
541.830	1730.000
542.600	1723.000
543.369	1726.000
544.139	1733.000
544.909	1729.000
545.678	1724.000
546.447	1728.000
547.217	1728.000
547.986	1729.000
548.755	1723.000
549.524	1724.000
550.293	1725.000
551.062	1728.000
551.831	1726.000
552.599	1727.000
553.368	1721.000
554.137	1729.000
554.905	1716.000
555.674	1730.000
556.442	1732.000
557.210	1723.000
557.979	1725.000
558.747	1727.000
559.515	1727.000
560.283	1726.000
561.051	1729.000
561.819	1725.000
562.586	1734.000
563.354	1729.000
564.122	1723.000
564.889	1727.000
565.657	1725.000
566.424	1730.000
567.191	1726.000
567.959	1727.000
568.726	1729.000
569.493	1725.000
570.260	1727.000
571.027	1733.000
571.794	1728.000
572.561	1730.000
573.327	1726.000
574.094	1730.000
574.860	1725.000
575.627	1732.000
576.393	1728.000
577.160	1731.000
577.926	1741.000
578.692	1732.000
579.458	1726.000
580.224	1729.000
580.990	1728.000
581.756	1725.000
582.522	1729.000
583.288	1729.000
584.053	1725.000
584.819	1727.000
585.585	1732.000
586.350	1730.000
587.115	1728.000
587.881	1723.000
588.646	1725.000
589.411	1726.000
590.176	1727.000
590.941	1727.000
591.706	1725.000
592.471	1724.000
593.235	1727.000
594.000	1723.000
594.765	1720.000
595.529	1730.000
596.294	1739.000
597.058	1728.000
597.822	1719.000
598.587	1726.000
599.351	1720.000
600.115	1721.000
600.879	1727.000
601.643	1727.000
602.406	1725.000
603.170	1727.000
603.934	1730.000
604.698	1724.000
605.461	1729.000
606.224	1725.000
606.988	1725.000
607.751	1726.000
608.514	1727.000
609.278	1728.000
610.041	1731.000
610.804	1732.000
611.566	1736.000
612.329	1729.000
613.092	1729.000
613.855	1724.000
614.617	1730.000
615.380	1720.000
616.142	1718.000
616.905	1724.000
617.667	1725.000
618.429	1723.000
619.191	1724.000
619.953	1725.000
620.715	1722.000
621.477	1724.000
622.239	1720.000
623.001	1729.000
623.763	1723.000
624.524	1722.000
625.286	1721.000
626.047	1719.000
626.808	1718.000
627.570	1721.000
628.331	1722.000
629.092	1716.000
629.853	1726.000
630.614	1728.000
631.375	1725.000
632.136	1721.000
632.896	1724.000
633.657	1720.000
634.418	1723.000
635.178	1718.000
635.939	1725.000
636.699	1714.000
637.459	1720.000
638.219	1720.000
638.980	1720.000
639.740	1723.000
640.500	1715.000
641.260	1723.000
642.019	1722.000
642.779	1724.000
643.539	1724.000
644.298	1721.000
645.058	1718.000
645.817	1727.000
646.576	1722.000
647.336	1719.000
648.095	1723.000
648.854	1721.000
649.613	1716.000
650.372	1722.000
651.131	1718.000
651.890	1722.000
652.648	1718.000
653.407	1721.000
654.165	1718.000
654.924	1715.000
655.682	1722.000
656.441	1719.000
657.199	1721.000
657.957	1721.000
658.715	1726.000
659.473	1721.000
660.231	1724.000
660.989	1718.000
661.747	1721.000
662.504	1725.000
663.262	1718.000
664.019	1718.000
664.777	1723.000
665.534	1727.000
666.291	1721.000
667.049	1722.000
667.806	1721.000
668.563	1725.000
669.320	1720.000
670.077	1726.000
670.833	1718.000
671.590	1727.000
672.347	1716.000
673.103	1722.000
673.860	1717.000
674.616	1725.000
675.373	1721.000
676.129	1718.000
676.885	1724.000
677.641	1716.000
678.397	1727.000
679.153	1718.000
679.909	1728.000
680.665	1722.000
681.420	1727.000
682.176	1721.000
682.931	1728.000
683.687	1725.000
684.442	1728.000
685.198	1720.000
685.953	1728.000
686.708	1723.000
687.463	1728.000
688.218	1728.000
688.973	1723.000
689.728	1723.000
690.482	1729.000
691.237	1724.000
691.992	1742.000
692.746	1729.000
693.500	1732.000
694.255	1729.000
695.009	1730.000
695.763	1736.000
696.517	1732.000
697.271	1731.000
698.025	1733.000
698.779	1736.000
699.533	1730.000
700.286	1734.000
701.040	1732.000
701.794	1733.000
702.547	1738.000
703.300	1742.000
704.054	1736.000
704.807	1734.000
705.560	1743.000
706.313	1744.000
707.066	1741.000
707.819	1752.000
708.572	1744.000
709.324	1749.000
710.077	1745.000
710.829	1743.000
711.582	1750.000
712.334	1761.000
713.087	1757.000
713.839	1758.000
714.591	1758.000
715.343	1758.000
716.095	1762.000
716.847	1769.000
717.599	1763.000
718.350	1767.000
719.102	1773.000
719.854	1774.000
720.605	1768.000
721.357	1777.000
722.108	1786.000
722.859	1793.000
723.610	1784.000
724.361	1789.000
725.112	1796.000
725.863	1804.000
726.614	1798.000
727.365	1803.000
728.116	1806.000
728.866	1809.000
729.617	1814.000
730.367	1825.000
731.117	1823.000
731.868	1827.000
732.618	1836.000
733.368	1837.000
734.118	1849.000
734.868	1851.000
735.618	1842.000
736.368	1865.000
737.117	1867.000
737.867	1872.000
738.616	1873.000
739.366	1880.000
740.115	1891.000
740.864	1897.000
741.614	1924.000
742.363	1928.000
743.112	1929.000
743.861	1931.000
744.610	1934.000
745.358	1948.000
746.107	1944.000
746.856	1962.000
747.604	1970.000
748.353	1965.000
749.101	1977.000
749.849	1990.000
750.598	1996.000
751.346	2001.000
752.094	2016.000
752.842	2010.000
753.589	2038.000
754.337	2039.000
755.085	2044.000
755.833	2052.000
756.580	2050.000
757.328	2060.000
758.075	2070.000
758.822	2069.000
759.569	2070.000
760.317	2076.000
761.064	2094.000
761.811	2106.000
762.557	2111.000
763.304	2106.000
764.051	2116.000
764.798	2096.000
765.544	2120.000
766.291	2142.000
767.037	2122.000
767.783	2134.000
768.529	2139.000
769.276	2133.000
770.022	2131.000
770.768	2150.000
771.513	2139.000
772.259	2135.000
773.005	2147.000
773.751	2147.000
774.496	2142.000
775.242	2129.000
775.987	2152.000
776.732	2151.000
777.477	2141.000
778.222	2136.000
778.968	2139.000
779.712	2147.000
780.457	2141.000
781.202	2129.000
781.947	2129.000
782.691	2122.000
783.436	2121.000
784.180	2124.000
784.925	2114.000
785.669	2113.000
786.413	2101.000
787.157	2099.000
787.901	2083.000
788.645	2093.000
789.389	2095.000
790.133	2063.000
790.877	2068.000
791.620	2067.000
792.364	2062.000
793.107	2045.000
793.850	2041.000
794.594	2037.000
795.337	2023.000
796.080	2014.000
796.823	2018.000
797.566	2004.000
798.309	1992.000
799.052	1990.000
799.794	1984.000
800.537	1980.000
801.279	1970.000
802.022	1951.000
802.764	1939.000
803.506	1936.000
804.248	1939.000
804.991	1925.000
805.732	1934.000
806.474	1907.000
807.216	1904.000
807.958	1900.000
808.700	1887.000
809.441	1894.000
810.183	1879.000
810.924	1877.000
811.665	1872.000
812.407	1854.000
813.148	1859.000
813.889	1857.000
814.630	1849.000
815.371	1838.000
816.111	1836.000
816.852	1837.000
817.593	1828.000
818.333	1824.000
819.074	1822.000
819.814	1815.000
820.554	1816.000
821.295	1810.000
822.035	1803.000
822.775	1802.000
823.515	1802.000
824.254	1802.000
824.994	1797.000
825.734	1795.000
826.474	1790.000
827.213	1783.000
827.952	1779.000
828.692	1774.000
829.431	1778.000
830.170	1775.000
830.909	1767.000
831.648	1766.000
832.387	1768.000
833.126	1767.000
833.865	1764.000
834.603	1758.000
835.342	1759.000
836.080	1764.000
836.819	1758.000
837.557	1754.000
838.295	1750.000
839.033	1758.000
839.771	1751.000
840.509	1748.000
841.247	1753.000
841.985	1749.000
842.723	1757.000
843.460	1747.000
844.198	1744.000
844.935	1746.000
845.673	1742.000
846.410	1743.000
847.147	1741.000
847.884	1737.000
848.621	1737.000
849.358	1738.000
850.095	1743.000
850.832	1735.000
851.568	1734.000
852.305	1735.000
853.041	1732.000
853.778	1732.000
854.514	1730.000
855.250	1728.000
855.986	1733.000
856.722	1727.000
857.458	1729.000
858.194	1731.000
858.930	1727.000
859.666	1730.000
860.401	1728.000
861.137	1728.000
861.872	1724.000
862.608	1728.000
863.343	1722.000
864.078	1727.000
864.813	1724.000
865.548	1725.000
866.283	1722.000
867.018	1729.000
867.753	1727.000
868.487	1720.000
869.222	1719.000
869.956	1720.000
870.691	1724.000
871.425	1723.000
872.159	1725.000
872.893	1725.000
873.627	1724.000
874.361	1720.000
875.095	1726.000
875.829	1716.000
876.562	1721.000
877.296	1718.000
878.030	1722.000
878.763	1724.000
879.496	1718.000
880.229	1716.000
880.963	1720.000
881.696	1722.000
882.429	1721.000
883.162	1723.000
883.894	1724.000
884.627	1720.000
885.360	1718.000
886.092	1717.000
886.825	1717.000
887.557	1721.000
888.289	1714.000
889.021	1722.000
889.753	1719.000
890.485	1720.000
891.217	1719.000
891.949	1725.000
892.681	1717.000
893.413	1718.000
894.144	1716.000
894.876	1716.000
895.607	1721.000
896.338	1717.000
897.069	1719.000
897.801	1745.000
898.532	1715.000
899.262	1716.000
899.993	1718.000
900.724	1718.000
901.455	1721.000
902.185	1713.000
902.916	1719.000
903.646	1718.000
904.376	1716.000
905.107	1713.000
905.837	1712.000
906.567	1716.000
907.297	1716.000
908.027	1722.000
908.756	1713.000
909.486	1716.000
910.216	1714.000
910.945	1718.000
911.675	1717.000
912.404	1722.000
913.133	1717.000
913.862	1722.000
914.591	1716.000
915.320	1721.000
916.049	1716.000
916.778	1716.000
917.507	1716.000
918.235	1715.000
918.964	1716.000
919.692	1712.000
920.420	1724.000
921.149	1712.000
921.877	1720.000
922.605	1718.000
923.333	1717.000
924.061	1719.000
924.789	1715.000
925.516	1713.000
926.244	1712.000
926.971	1720.000
927.699	1719.000
928.426	1721.000
929.153	1720.000
929.881	1717.000
930.608	1718.000
931.335	1720.000
932.062	1716.000
932.788	1718.000
933.515	1717.000
934.242	1719.000
934.968	1721.000
935.695	1714.000
936.421	1718.000
937.147	1716.000
937.873	1719.000
938.599	1720.000
939.325	1715.000
940.051	1718.000
940.777	1712.000
941.503	1713.000
942.228	1719.000
942.954	1716.000
943.679	1718.000
944.405	1716.000
945.130	1718.000
945.855	1717.000
946.580	1718.000
947.305	1716.000
948.030	1720.000
948.755	1716.000
949.480	1714.000
950.204	1719.000
950.929	1719.000
951.653	1715.000
952.378	1716.000
953.102	1717.000
953.826	1721.000
954.550	1718.000
955.274	1718.000
955.998	1717.000
956.722	1720.000
957.445	1719.000
958.169	1710.000
958.892	1720.000
959.616	1718.000
960.339	1718.000
961.062	1718.000
961.786	1731.000
962.509	1717.000
963.232	1716.000
963.955	1716.000
964.677	1716.000
965.400	1722.000
966.123	1718.000
966.845	1715.000
967.568	1714.000
968.290	1718.000
969.012	1719.000
969.734	1715.000
970.456	1717.000
971.178	1719.000
971.900	1716.000
972.622	1718.000
973.344	1727.000
974.065	1731.000
974.787	1717.000
975.508	1719.000
976.229	1716.000
976.951	1716.000
977.672	1720.000
978.393	1719.000
979.114	1715.000
979.834	1719.000
980.555	1721.000
981.276	1718.000
981.996	1714.000
982.717	1710.000
983.437	1717.000
984.158	1716.000
984.878	1721.000
985.598	1717.000
986.318	1719.000
987.038	1713.000
987.758	1720.000
988.477	1719.000
989.197	1717.000
989.917	1725.000
990.636	1710.000
991.355	1719.000
992.075	1716.000
992.794	1717.000
993.513	1720.000
994.232	1719.000
994.951	1719.000
995.670	1720.000
996.388	1720.000
997.107	1715.000
997.826	1718.000
998.544	1716.000
999.262	1713.000
999.980	1713.000
1000.699	1714.000
1001.417	1717.000
1002.135	1718.000
1002.853	1720.000
1003.570	1724.000
1004.288	1718.000
1005.006	1724.000
1005.723	1716.000
1006.440	1719.000
1007.158	1720.000
1007.875	1722.000
1008.592	1715.000
1009.309	1721.000
1010.026	1717.000
1010.743	1722.000
1011.460	1716.000
1012.176	1717.000
1012.893	1724.000
1013.609	1721.000
1014.326	1722.000
1015.042	1723.000
1015.758	1724.000
1016.474	1722.000
1017.190	1718.000
1017.906	1718.000
1018.622	1718.000
1019.338	1715.000
1020.053	1723.000
1020.769	1720.000
1021.484	1715.000
1022.200	1717.000
1022.915	1719.000
1023.630	1721.000
1024.345	1719.000
1025.060	1717.000
1025.775	1716.000
1026.490	1716.000
1027.204	1715.000
1027.919	1722.000
1028.633	1718.000
1029.348	1719.000
1030.062	1717.000
1030.776	1710.000
1031.490	1715.000
1032.204	1713.000
1032.918	1712.000
1033.632	1713.000
1034.346	1716.000
1035.059	1699.000
1035.773	1701.000
1036.486	1700.000
1037.200	1700.000
