wavelength	counts
247.432	1723.000
248.227	1701.000
249.023	1703.000
249.818	1699.000
250.613	1712.000
251.408	1710.000
252.203	1711.000
252.999	1713.000
253.794	1714.000
254.588	1715.000
255.383	1709.000
256.178	1710.000
256.973	1715.000
257.768	1715.000
258.562	1713.000
259.357	1716.000
260.151	1715.000
260.946	1720.000
261.740	1719.000
262.534	1716.000
263.328	1714.000
264.123	1718.000
264.917	1718.000
265.711	1716.000
266.505	1713.000
267.299	1717.000
268.093	1717.000
268.886	1713.000
269.680	1720.000
270.474	1715.000
271.267	1713.000
272.061	1719.000
272.854	1719.000
273.648	1714.000
274.441	1721.000
275.234	1716.000
276.028	1718.000
276.821	1721.000
277.614	1716.000
278.407	1719.000
279.200	1717.000
279.993	1713.000
280.786	1720.000
281.578	1719.000
282.371	1715.000
283.164	1715.000
283.956	1711.000
284.749	1712.000
285.541	1716.000
286.334	1717.000
287.126	1709.000
287.918	1720.000
288.710	1716.000
289.503	1717.000
290.295	1713.000
291.087	1719.000
291.879	1717.000
292.670	1717.000
293.462	1718.000
294.254	1718.000
295.046	1718.000
295.837	1718.000
296.629	1718.000
297.420	1720.000
298.212	1713.000
299.003	1716.000
299.794	1715.000
300.586	1712.000
301.377	1717.000
302.168	1713.000
302.959	1722.000
303.750	1719.000
304.541	1718.000
305.332	1718.000
306.123	1711.000
306.913	1719.000
307.704	1717.000
308.494	1716.000
309.285	1713.000
310.075	1720.000
310.866	1720.000
311.656	1717.000
312.446	1715.000
313.237	1720.000
314.027	1714.000
314.817	1716.000
315.607	1719.000
316.397	1716.000
317.187	1714.000
317.976	1723.000
318.766	1719.000
319.556	1716.000
320.345	1716.000
321.135	1717.000
321.924	1729.000
322.714	1715.000
323.503	1722.000
324.293	1713.000
325.082	1719.000
325.871	1721.000
326.660	1726.000
327.449	1718.000
328.238	1720.000
329.027	1728.000
329.816	1717.000
330.604	1722.000
331.393	1716.000
332.182	1721.000
332.970	1716.000
333.759	1718.000
334.547	1719.000
335.336	1718.000
336.124	1719.000
336.912	1713.000
337.700	1720.000
338.488	1718.000
339.276	1716.000
340.064	1720.000
340.852	1718.000
341.640	1717.000
342.428	1719.000
343.216	1720.000
344.003	1716.000
344.791	1716.000
345.578	1720.000
346.366	1723.000
347.153	1725.000
347.940	1718.000
348.728	1715.000
349.515	1713.000
350.302	1720.000
351.089	1717.000
351.876	1721.000
352.663	1715.000
353.450	1714.000
354.236	1716.000
355.023	1717.000
355.810	1715.000
356.596	1718.000
357.383	1719.000
358.169	1715.000
358.956	1724.000
359.742	1717.000
360.528	1721.000
361.314	1716.000
362.100	1722.000
362.886	1711.000
363.672	1718.000
364.458	1714.000
365.244	1717.000
366.030	1716.000
366.816	1718.000
367.601	1712.000
368.387	1713.000
369.172	1719.000
369.958	1714.000
370.743	1713.000
371.528	1715.000
372.314	1712.000
373.099	1716.000
373.884	1716.000
374.669	1716.000
375.454	1719.000
376.239	1711.000
377.024	1719.000
377.808	1719.000
378.593	1715.000
379.378	1714.000
380.162	1719.000
380.947	1716.000
381.731	1716.000
382.515	1714.000
383.300	1715.000
384.084	1718.000
384.868	1714.000
385.652	1719.000
386.436	1717.000
387.220	1723.000
388.004	1718.000
388.788	1716.000
389.572	1723.000
390.355	1712.000
391.139	1712.000
391.922	1716.000
392.706	1717.000
393.489	1712.000
394.273	1717.000
395.056	1716.000
395.839	1719.000
396.622	1714.000
397.405	1717.000
398.188	1721.000
398.971	1714.000
399.754	1713.000
400.537	1720.000
401.319	1716.000
402.102	1721.000
402.885	1726.000
403.667	1741.000
404.450	1772.000
405.232	1790.000
406.014	1749.000
406.797	1720.000
407.579	1721.000
408.361	1715.000
409.143	1718.000
409.925	1716.000
410.707	1715.000
411.488	1717.000
412.270	1717.000
413.052	1718.000
413.833	1720.000
414.615	1707.000
415.397	1712.000
416.178	1711.000
416.959	1718.000
417.741	1715.000
418.522	1714.000
419.303	1713.000
420.084	1714.000
420.865	1717.000
421.646	1712.000
422.427	1714.000
423.207	1715.000
423.988	1715.000
424.769	1715.000
425.549	1719.000
426.330	1714.000
427.110	1716.000
427.891	1711.000
428.671	1719.000
429.451	1716.000
430.231	1716.000
431.011	1719.000
431.791	1717.000
432.571	1715.000
433.351	1717.000
434.131	1719.000
434.911	1715.000
435.690	1714.000
436.470	1713.000
437.250	1717.000
438.029	1713.000
438.808	1716.000
439.588	1715.000
440.367	1720.000
441.146	1715.000
441.925	1720.000
442.704	1717.000
443.483	1716.000
444.262	1714.000
445.041	1713.000
445.820	1715.000
446.598	1722.000
447.377	1721.000
448.156	1717.000
448.934	1734.000
449.712	1723.000
450.491	1726.000
451.269	1731.000
452.047	1729.000
452.825	1731.000
453.603	1736.000
454.381	1729.000
455.159	1727.000
455.937	1725.000
456.715	1721.000
457.493	1730.000
458.270	1725.000
459.048	1722.000
459.825	1729.000
460.603	1728.000
461.380	1720.000
462.157	1728.000
462.934	1721.000
463.712	1722.000
464.489	1723.000
465.266	1729.000
466.043	1718.000
466.819	1723.000
467.596	1720.000
468.373	1720.000
469.150	1717.000
469.926	1714.000
470.703	1720.000
471.479	1720.000
472.255	1725.000
473.032	1719.000
473.808	1718.000
474.584	1716.000
475.360	1718.000
476.136	1719.000
476.912	1722.000
477.688	1717.000
478.464	1718.000
479.239	1716.000
480.015	1718.000
480.790	1719.000
481.566	1719.000
482.341	1723.000
483.117	1719.000
483.892	1720.000
484.667	1716.000
485.442	1715.000
486.217	1719.000
486.992	1723.000
487.767	1721.000
488.542	1719.000
489.317	1716.000
490.091	1715.000
490.866	1719.000
491.641	1720.000
492.415	1721.000
493.190	1717.000
493.964	1719.000
494.738	1719.000
495.512	1717.000
496.286	1721.000
497.060	1718.000
497.834	1721.000
498.608	1713.000
499.382	1722.000
500.156	1717.000
500.930	1711.000
501.703	1720.000
502.477	1720.000
503.250	1725.000
504.024	1722.000
504.797	1716.000
505.570	1719.000
506.343	1720.000
507.116	1723.000
507.889	1722.000
508.662	1722.000
509.435	1718.000
510.208	1721.000
510.981	1721.000
511.754	1718.000
512.526	1717.000
513.299	1721.000
514.071	1716.000
514.843	1722.000
515.616	1728.000
516.388	1722.000
517.160	1719.000
517.932	1722.000
518.704	1718.000
519.476	1722.000
520.248	1725.000
521.020	1725.000
521.791	1723.000
522.563	1723.000
523.335	1724.000
524.106	1721.000
524.878	1730.000
525.649	1723.000
526.420	1723.000
527.191	1723.000
527.963	1723.000
528.734	1728.000
529.505	1727.000
530.275	1726.000
531.046	1724.000
531.817	1722.000
532.588	1724.000
533.358	1722.000
534.129	1724.000
534.899	1724.000
535.670	1722.000
536.440	1731.000
537.210	1722.000
537.980	1729.000
538.750	1724.000
539.520	1726.000
540.290	1724.000
541.060	1728.000
541.830	1727.000
542.600	1731.000
543.369	1731.000
544.139	1728.000
544.909	1727.000
545.678	1731.000
546.447	1726.000
547.217	1730.000
547.986	1728.000
548.755	1732.000
549.524	1723.000
550.293	1728.000
551.062	1727.000
551.831	1727.000
552.599	1731.000
553.368	1726.000
554.137	1734.000
554.905	1725.000
555.674	1731.000
556.442	1728.000
557.210	1730.000
557.979	1727.000
558.747	1726.000
559.515	1727.000
560.283	1726.000
561.051	1727.000
561.819	1724.000
562.586	1727.000
563.354	1728.000
564.122	1725.000
564.889	1731.000
565.657	1730.000
566.424	1725.000
567.191	1728.000
567.959	1721.000
568.726	1725.000
569.493	1722.000
570.260	1728.000
571.027	1724.000
571.794	1724.000
572.561	1728.000
573.327	1732.000
574.094	1725.000
574.860	1725.000
575.627	1735.000
576.393	1731.000
577.160	1731.000
577.926	1734.000
578.692	1734.000
579.458	1729.000
580.224	1729.000
580.990	1722.000
581.756	1729.000
582.522	1734.000
583.288	1725.000
584.053	1723.000
584.819	1733.000
585.585	1733.000
586.350	1719.000
587.115	1725.000
587.881	1732.000
588.646	1728.000
589.411	1727.000
590.176	1730.000
590.941	1725.000
591.706	1730.000
592.471	1724.000
593.235	1724.000
594.000	1728.000
594.765	1727.000
595.529	1731.000
596.294	1732.000
597.058	1730.000
597.822	1722.000
598.587	1725.000
599.351	1726.000
600.115	1731.000
600.879	1728.000
601.643	1723.000
602.406	1724.000
603.170	1721.000
603.934	1727.000
604.698	1730.000
605.461	1724.000
606.224	1722.000
606.988	1730.000
607.751	1724.000
608.514	1724.000
609.278	1726.000
610.041	1726.000
610.804	1731.000
611.566	1736.000
612.329	1730.000
613.092	1730.000
613.855	1724.000
614.617	1725.000
615.380	1728.000
616.142	1724.000
616.905	1728.000
617.667	1725.000
618.429	1732.000
619.191	1725.000
619.953	1723.000
620.715	1720.000
621.477	1728.000
622.239	1720.000
623.001	1726.000
623.763	1727.000
624.524	1724.000
625.286	1719.000
626.047	1722.000
626.808	1726.000
627.570	1724.000
628.331	1720.000
629.092	1721.000
629.853	1721.000
630.614	1720.000
631.375	1723.000
632.136	1723.000
632.896	1723.000
633.657	1720.000
634.418	1726.000
635.178	1719.000
635.939	1720.000
636.699	1722.000
637.459	1721.000
638.219	1718.000
638.980	1722.000
639.740	1721.000
640.500	1717.000
641.260	1722.000
642.019	1718.000
642.779	1718.000
643.539	1719.000
644.298	1723.000
645.058	1713.000
645.817	1727.000
646.576	1729.000
647.336	1722.000
648.095	1721.000
648.854	1721.000
649.613	1720.000
650.372	1723.000
651.131	1721.000
651.890	1723.000
652.648	1716.000
653.407	1719.000
654.165	1720.000
654.924	1718.000
655.682	1722.000
656.441	1719.000
657.199	1720.000
657.957	1719.000
658.715	1722.000
659.473	1713.000
660.231	1725.000
660.989	1724.000
661.747	1718.000
662.504	1721.000
663.262	1724.000
664.019	1722.000
664.777	1718.000
665.534	1723.000
666.291	1722.000
667.049	1720.000
667.806	1721.000
668.563	1723.000
669.320	1722.000
670.077	1723.000
670.833	1719.000
671.590	1725.000
672.347	1726.000
673.103	1719.000
673.860	1727.000
674.616	1724.000
675.373	1725.000
676.129	1725.000
676.885	1726.000
677.641	1720.000
678.397	1724.000
679.153	1722.000
679.909	1723.000
680.665	1722.000
681.420	1728.000
682.176	1728.000
682.931	1724.000
683.687	1728.000
684.442	1731.000
685.198	1727.000
685.953	1728.000
686.708	1732.000
687.463	1729.000
688.218	1730.000
688.973	1726.000
689.728	1728.000
690.482	1732.000
691.237	1738.000
691.992	1745.000
692.746	1731.000
693.500	1733.000
694.255	1731.000
695.009	1733.000
695.763	1742.000
696.517	1735.000
697.271	1742.000
698.025	1741.000
698.779	1739.000
699.533	1743.000
700.286	1745.000
701.040	1742.000
701.794	1739.000
702.547	1741.000
703.300	1744.000
704.054	1747.000
704.807	1750.000
705.560	1750.000
706.313	1758.000
707.066	1752.000
707.819	1755.000
708.572	1766.000
709.324	1760.000
710.077	1765.000
710.829	1759.000
711.582	1768.000
712.334	1773.000
713.087	1776.000
713.839	1772.000
714.591	1781.000
715.343	1780.000
716.095	1787.000
716.847	1777.000
717.599	1785.000
718.350	1782.000
719.102	1792.000
719.854	1796.000
720.605	1803.000
721.357	1810.000
722.108	1803.000
722.859	1821.000
723.610	1818.000
724.361	1820.000
725.112	1824.000
725.863	1838.000
726.614	1835.000
727.365	1840.000
728.116	1853.000
728.866	1848.000
729.617	1859.000
730.367	1862.000
731.117	1874.000
731.868	1877.000
732.618	1894.000
733.368	1886.000
734.118	1905.000
734.868	1902.000
735.618	1921.000
736.368	1922.000
737.117	1926.000
737.867	1925.000
738.616	1950.000
739.366	1952.000
740.115	1958.000
740.864	1972.000
741.614	1977.000
742.363	1993.000
743.112	2004.000
743.861	2008.000
744.610	2023.000
745.358	2024.000
746.107	2038.000
746.856	2044.000
747.604	2052.000
748.353	2060.000
749.101	2077.000
749.849	2089.000
750.598	2084.000
751.346	2103.000
752.094	2098.000
752.842	2111.000
753.589	2123.000
754.337	2122.000
755.085	2131.000
755.833	2137.000
756.580	2148.000
757.328	2159.000
758.075	2183.000
758.822	2175.000
759.569	2172.000
760.317	2192.000
761.064	2199.000
761.811	2197.000
762.557	2206.000
763.304	2210.000
764.051	2206.000
764.798	2227.000
765.544	2216.000
766.291	2234.000
767.037	2242.000
767.783	2232.000
768.529	2244.000
769.276	2245.000
770.022	2247.000
770.768	2241.000
771.513	2247.000
772.259	2241.000
773.005	2262.000
773.751	2261.000
774.496	2259.000
775.242	2240.000
775.987	2254.000
776.732	2235.000
777.477	2242.000
778.222	2254.000
778.968	2236.000
779.712	2234.000
780.457	2227.000
781.202	2225.000
781.947	2233.000
782.691	2230.000
783.436	2231.000
784.180	2209.000
784.925	2215.000
785.669	2207.000
786.413	2186.000
787.157	2174.000
787.901	2183.000
788.645	2172.000
789.389	2167.000
790.133	2164.000
790.877	2152.000
791.620	2148.000
792.364	2136.000
793.107	2125.000
793.850	2107.000
794.594	2112.000
795.337	2099.000
796.080	2084.000
796.823	2068.000
797.566	2066.000
798.309	2066.000
799.052	2059.000
799.794	2047.000
800.537	2043.000
801.279	2020.000
802.022	2008.000
802.764	1996.000
803.506	2008.000
804.248	1990.000
804.991	1984.000
805.732	1974.000
806.474	1963.000
807.216	1958.000
807.958	1941.000
808.700	1937.000
809.441	1926.000
810.183	1921.000
810.924	1919.000
811.665	1907.000
812.407	1896.000
813.148	1897.000
813.889	1884.000
814.630	1885.000
815.371	1877.000
816.111	1874.000
816.852	1865.000
817.593	1866.000
818.333	1861.000
819.074	1848.000
819.814	1846.000
820.554	1838.000
821.295	1833.000
822.035	1843.000
822.775	1822.000
823.515	1822.000
824.254	1811.000
824.994	1817.000
825.734	1813.000
826.474	1807.000
827.213	1803.000
827.952	1803.000
828.692	1795.000
829.431	1792.000
830.170	1784.000
830.909	1798.000
831.648	1780.000
832.387	1786.000
833.126	1775.000
833.865	1775.000
834.603	1781.000
835.342	1767.000
836.080	1769.000
836.819	1765.000
837.557	1770.000
838.295	1768.000
839.033	1764.000
839.771	1758.000
840.509	1759.000
841.247	1756.000
841.985	1763.000
842.723	1770.000
843.460	1755.000
844.198	1756.000
844.935	1752.000
845.673	1751.000
846.410	1745.000
847.147	1744.000
847.884	1749.000
848.621	1745.000
849.358	1745.000
850.095	1740.000
850.832	1747.000
851.568	1745.000
852.305	1741.000
853.041	1742.000
853.778	1734.000
854.514	1737.000
855.250	1734.000
855.986	1733.000
856.722	1733.000
857.458	1739.000
858.194	1733.000
858.930	1733.000
859.666	1734.000
860.401	1733.000
861.137	1733.000
861.872	1729.000
862.608	1730.000
863.343	1728.000
864.078	1730.000
864.813	1728.000
865.548	1726.000
866.283	1732.000
867.018	1731.000
867.753	1725.000
868.487	1728.000
869.222	1723.000
869.956	1725.000
870.691	1729.000
871.425	1729.000
872.159	1723.000
872.893	1730.000
873.627	1724.000
874.361	1724.000
875.095	1728.000
875.829	1725.000
876.562	1722.000
877.296	1718.000
878.030	1728.000
878.763	1720.000
879.496	1722.000
880.229	1723.000
880.963	1725.000
881.696	1721.000
882.429	1721.000
883.162	1723.000
883.894	1722.000
884.627	1724.000
885.360	1718.000
886.092	1726.000
886.825	1720.000
887.557	1721.000
888.289	1720.000
889.021	1722.000
889.753	1714.000
890.485	1719.000
891.217	1716.000
891.949	1723.000
892.681	1719.000
893.413	1717.000
894.144	1714.000
894.876	1717.000
895.607	1718.000
896.338	1718.000
897.069	1721.000
897.801	1749.000
898.532	1720.000
899.262	1714.000
899.993	1720.000
900.724	1711.000
901.455	1718.000
902.185	1718.000
902.916	1719.000
903.646	1722.000
904.376	1721.000
905.107	1721.000
905.837	1717.000
906.567	1721.000
907.297	1719.000
908.027	1719.000
908.756	1715.000
909.486	1717.000
910.216	1720.000
910.945	1719.000
911.675	1715.000
912.404	1720.000
913.133	1715.000
913.862	1719.000
914.591	1716.000
915.320	1719.000
916.049	1717.000
916.778	1716.000
917.507	1712.000
918.235	1718.000
918.964	1714.000
919.692	1714.000
920.420	1720.000
921.149	1712.000
921.877	1719.000
922.605	1715.000
923.333	1716.000
924.061	1720.000
924.789	1723.000
925.516	1711.000
926.244	1712.000
926.971	1722.000
927.699	1717.000
928.426	1713.000
929.153	1718.000
929.881	1717.000
930.608	1718.000
931.335	1718.000
932.062	1714.000
932.788	1717.000
933.515	1722.000
934.242	1720.000
934.968	1717.000
935.695	1721.000
936.421	1716.000
937.147	1714.000
937.873	1715.000
938.599	1720.000
939.325	1712.000
940.051	1718.000
940.777	1712.000
941.503	1716.000
942.228	1721.000
942.954	1717.000
943.679	1718.000
944.405	1716.000
945.130	1714.000
945.855	1717.000
946.580	1720.000
947.305	1718.000
948.030	1719.000
948.755	1715.000
949.480	1719.000
950.204	1716.000
950.929	1717.000
951.653	1713.000
952.378	1714.000
953.102	1718.000
953.826	1715.000
954.550	1713.000
955.274	1716.000
955.998	1722.000
956.722	1721.000
957.445	1721.000
958.169	1712.000
958.892	1720.000
959.616	1717.000
960.339	1716.000
961.062	1714.000
961.786	1731.000
962.509	1718.000
963.232	1720.000
963.955	1716.000
964.677	1718.000
965.400	1720.000
966.123	1720.000
966.845	1719.000
967.568	1713.000
968.290	1719.000
969.012	1719.000
969.734	1715.000
970.456	1717.000
971.178	1720.000
971.900	1719.000
972.622	1716.000
973.344	1726.000
974.065	1730.000
974.787	1718.000
975.508	1714.000
976.229	1715.000
976.951	1713.000
977.672	1718.000
978.393	1713.000
979.114	1720.000
979.834	1717.000
980.555	1721.000
981.276	1717.000
981.996	1722.000
982.717	1717.000
983.437	1717.000
984.158	1719.000
984.878	1720.000
985.598	1711.000
986.318	1719.000
987.038	1719.000
987.758	1720.000
988.477	1723.000
989.197	1717.000
989.917	1726.000
990.636	1716.000
991.355	1715.000
992.075	1719.000
992.794	1718.000
993.513	1720.000
994.232	1720.000
994.951	1712.000
995.670	1717.000
996.388	1719.000
997.107	1716.000
997.826	1716.000
998.544	1717.000
999.262	1719.000
999.980	1714.000
1000.699	1716.000
1001.417	1716.000
1002.135	1715.000
1002.853	1722.000
1003.570	1726.000
1004.288	1717.000
1005.006	1722.000
1005.723	1718.000
1006.440	1719.000
1007.158	1717.000
1007.875	1716.000
1008.592	1718.000
1009.309	1722.000
1010.026	1716.000
1010.743	1719.000
1011.460	1716.000
1012.176	1719.000
1012.893	1723.000
1013.609	1719.000
1014.326	1720.000
1015.042	1716.000
1015.758	1724.000
1016.474	1718.000
1017.190	1720.000
1017.906	1714.000
1018.622	1720.000
1019.338	1715.000
1020.053	1714.000
1020.769	1717.000
1021.484	1719.000
1022.200	1717.000
1022.915	1720.000
1023.630	1720.000
1024.345	1721.000
1025.060	1716.000
1025.775	1718.000
1026.490	1716.000
1027.204	1715.000
1027.919	1718.000
1028.633	1714.000
1029.348	1717.000
1030.062	1719.000
1030.776	1710.000
1031.490	1715.000
1032.204	1718.000
1032.918	1713.000
1033.632	1711.000
1034.346	1716.000
1035.059	1699.000
1035.773	1704.000
1036.486	1704.000
1037.200	1703.000
