wavelength	counts
247.432	1725.000
248.227	1708.000
249.023	1704.000
249.818	1701.000
250.613	1711.000
251.408	1707.000
252.203	1712.000
252.999	1712.000
253.794	1711.000
254.588	1716.000
255.383	1711.000
256.178	1718.000
256.973	1711.000
257.768	1714.000
258.562	1714.000
259.357	1712.000
260.151	1720.000
260.946	1714.000
261.740	1720.000
262.534	1717.000
263.328	1718.000
264.123	1713.000
264.917	1720.000
265.711	1716.000
266.505	1715.000
267.299	1716.000
268.093	1716.000
268.886	1715.000
269.680	1719.000
270.474	1721.000
271.267	1712.000
272.061	1720.000
272.854	1719.000
273.648	1716.000
274.441	1715.000
275.234	1719.000
276.028	1719.000
276.821	1722.000
277.614	1716.000
278.407	1720.000
279.200	1714.000
279.993	1712.000
280.786	1714.000
281.578	1718.000
282.371	1718.000
283.164	1720.000
283.956	1720.000
284.749	1715.000
285.541	1717.000
286.334	1716.000
287.126	1716.000
287.918	1718.000
288.710	1718.000
289.503	1712.000
290.295	1717.000
291.087	1715.000
291.879	1717.000
292.670	1714.000
293.462	1717.000
294.254	1715.000
295.046	1723.000
295.837	1721.000
296.629	1721.000
297.420	1718.000
298.212	1717.000
299.003	1715.000
299.794	1712.000
300.586	1719.000
301.377	1714.000
302.168	1716.000
302.959	1715.000
303.750	1715.000
304.541	1715.000
305.332	1715.000
306.123	1715.000
306.913	1714.000
307.704	1719.000
308.494	1716.000
309.285	1711.000
310.075	1715.000
310.866	1722.000
311.656	1715.000
312.446	1720.000
313.237	1718.000
314.027	1712.000
314.817	1713.000
315.607	1719.000
316.397	1718.000
317.187	1715.000
317.976	1720.000
318.766	1717.000
319.556	1720.000
320.345	1719.000
321.135	1711.000
321.924	1722.000
322.714	1723.000
323.503	1718.000
324.293	1711.000
325.082	1716.000
325.871	1718.000
326.660	1718.000
327.449	1716.000
328.238	1718.000
329.027	1727.000
329.816	1717.000
330.604	1720.000
331.393	1714.000
332.182	1722.000
332.970	1716.000
333.759	1718.000
334.547	1717.000
335.336	1718.000
336.124	1716.000
336.912	1716.000
337.700	1716.000
338.488	1718.000
339.276	1719.000
340.064	1716.000
340.852	1720.000
341.640	1718.000
342.428	1713.000
343.216	1716.000
344.003	1721.000
344.791	1716.000
345.578	1721.000
346.366	1718.000
347.153	1722.000
347.940	1720.000
348.728	1717.000
349.515	1716.000
350.302	1710.000
351.089	1716.000
351.876	1713.000
352.663	1719.000
353.450	1711.000
354.236	1714.000
355.023	1721.000
355.810	1719.000
356.596	1716.000
357.383	1718.000
358.169	1720.000
358.956	1718.000
359.742	1712.000
360.528	1721.000
361.314	1716.000
362.100	1717.000
362.886	1719.000
363.672	1721.000
364.458	1713.000
365.244	1716.000
366.030	1718.000
366.816	1718.000
367.601	1720.000
368.387	1716.000
369.172	1715.000
369.958	1716.000
370.743	1714.000
371.528	1712.000
372.314	1719.000
373.099	1714.000
373.884	1716.000
374.669	1716.000
375.454	1716.000
376.239	1713.000
377.024	1717.000
377.808	1718.000
378.593	1716.000
379.378	1716.000
380.162	1712.000
380.947	1715.000
381.731	1711.000
382.515	1713.000
383.300	1717.000
384.084	1718.000
384.868	1715.000
385.652	1717.000
386.436	1712.000
387.220	1715.000
388.004	1716.000
388.788	1717.000
389.572	1717.000
390.355	1716.000
391.139	1722.000
391.922	1713.000
392.706	1718.000
393.489	1716.000
394.273	1718.000
395.056	1715.000
395.839	1719.000
396.622	1715.000
397.405	1715.000
398.188	1710.000
398.971	1711.000
399.754	1716.000
400.537	1714.000
401.319	1715.000
402.102	1715.000
402.885	1721.000
403.667	1719.000
404.450	1733.000
405.232	1732.000
406.014	1722.000
406.797	1717.000
407.579	1721.000
408.361	1710.000
409.143	1722.000
409.925	1715.000
410.707	1713.000
411.488	1711.000
412.270	1713.000
413.052	1720.000
413.833	1716.000
414.615	1714.000
415.397	1711.000
416.178	1718.000
416.959	1713.000
417.741	1713.000
418.522	1713.000
419.303	1718.000
420.084	1715.000
420.865	1726.000
421.646	1707.000
422.427	1718.000
423.207	1717.000
423.988	1716.000
424.769	1712.000
425.549	1715.000
426.330	1713.000
427.110	1716.000
427.891	1715.000
428.671	1712.000
429.451	1715.000
430.231	1712.000
431.011	1719.000
431.791	1719.000
432.571	1719.000
433.351	1710.000
434.131	1719.000
434.911	1716.000
435.690	1716.000
436.470	1717.000
437.250	1718.000
438.029	1716.000
438.808	1716.000
439.588	1717.000
440.367	1719.000
441.146	1717.000
441.925	1719.000
442.704	1722.000
443.483	1714.000
444.262	1717.000
445.041	1716.000
445.820	1715.000
446.598	1720.000
447.377	1718.000
448.156	1719.000
448.934	1729.000
449.712	1731.000
450.491	1730.000
451.269	1724.000
452.047	1726.000
452.825	1724.000
453.603	1726.000
454.381	1728.000
455.159	1731.000
455.937	1728.000
456.715	1720.000
457.493	1724.000
458.270	1725.000
459.048	1721.000
459.825	1727.000
460.603	1724.000
461.380	1726.000
462.157	1721.000
462.934	1722.000
463.712	1724.000
464.489	1723.000
465.266	1730.000
466.043	1723.000
466.819	1718.000
467.596	1721.000
468.373	1717.000
469.150	1721.000
469.926	1718.000
470.703	1722.000
471.479	1717.000
472.255	1718.000
473.032	1716.000
473.808	1721.000
474.584	1721.000
475.360	1716.000
476.136	1716.000
476.912	1721.000
477.688	1720.000
478.464	1717.000
479.239	1716.000
480.015	1720.000
480.790	1722.000
481.566	1719.000
482.341	1726.000
483.117	1716.000
483.892	1721.000
484.667	1713.000
485.442	1716.000
486.217	1716.000
486.992	1721.000
487.767	1725.000
488.542	1716.000
489.317	1721.000
490.091	1719.000
490.866	1719.000
491.641	1719.000
492.415	1721.000
493.190	1717.000
493.964	1714.000
494.738	1717.000
495.512	1720.000
496.286	1720.000
497.060	1722.000
497.834	1727.000
498.608	1714.000
499.382	1714.000
500.156	1718.000
500.930	1719.000
501.703	1720.000
502.477	1722.000
503.250	1716.000
504.024	1722.000
504.797	1723.000
505.570	1721.000
506.343	1719.000
507.116	1723.000
507.889	1724.000
508.662	1719.000
509.435	1720.000
510.208	1720.000
510.981	1719.000
511.754	1721.000
512.526	1719.000
513.299	1714.000
514.071	1723.000
514.843	1722.000
515.616	1730.000
516.388	1720.000
517.160	1724.000
517.932	1725.000
518.704	1725.000
519.476	1720.000
520.248	1725.000
521.020	1721.000
521.791	1728.000
522.563	1721.000
523.335	1728.000
524.106	1727.000
524.878	1725.000
525.649	1718.000
526.420	1726.000
527.191	1723.000
527.963	1726.000
528.734	1728.000
529.505	1725.000
530.275	1727.000
531.046	1721.000
531.817	1730.000
532.588	1724.000
533.358	1730.000
534.129	1726.000
534.899	1726.000
535.670	1728.000
536.440	1730.000
537.210	1726.000
537.980	1726.000
538.750	1729.000
539.520	1728.000
540.290	1726.000
541.060	1728.000
541.830	1725.000
542.600	1729.000
543.369	1734.000
544.139	1728.000
544.909	1729.000
545.678	1728.000
546.447	1730.000
547.217	1740.000
547.986	1727.000
548.755	1726.000
549.524	1726.000
550.293	1723.000
551.062	1732.000
551.831	1731.000
552.599	1730.000
553.368	1722.000
554.137	1731.000
554.905	1727.000
555.674	1728.000
556.442	1728.000
557.210	1731.000
557.979	1731.000
558.747	1727.000
559.515	1732.000
560.283	1734.000
561.051	1733.000
561.819	1729.000
562.586	1732.000
563.354	1721.000
564.122	1734.000
564.889	1728.000
565.657	1731.000
566.424	1733.000
567.191	1732.000
567.959	1725.000
568.726	1728.000
569.493	1735.000
570.260	1729.000
571.027	1727.000
571.794	1727.000
572.561	1731.000
573.327	1729.000
574.094	1726.000
574.860	1729.000
575.627	1729.000
576.393	1730.000
577.160	1732.000
577.926	1742.000
578.692	1726.000
579.458	1728.000
580.224	1732.000
580.990	1732.000
581.756	1732.000
582.522	1734.000
583.288	1731.000
584.053	1729.000
584.819	1732.000
585.585	1734.000
586.350	1727.000
587.115	1731.000
587.881	1728.000
588.646	1730.000
589.411	1732.000
590.176	1731.000
590.941	1734.000
591.706	1730.000
592.471	1734.000
593.235	1731.000
594.000	1730.000
594.765	1728.000
595.529	1727.000
596.294	1738.000
597.058	1733.000
597.822	1723.000
598.587	1725.000
599.351	1725.000
600.115	1727.000
600.879	1728.000
601.643	1727.000
602.406	1726.000
603.170	1729.000
603.934	1732.000
604.698	1726.000
605.461	1729.000
606.224	1727.000
606.988	1733.000
607.751	1732.000
608.514	1727.000
609.278	1727.000
610.041	1735.000
610.804	1737.000
611.566	1740.000
612.329	1737.000
613.092	1737.000
613.855	1731.000
614.617	1734.000
615.380	1732.000
616.142	1730.000
616.905	1726.000
617.667	1724.000
618.429	1733.000
619.191	1722.000
619.953	1726.000
620.715	1727.000
621.477	1730.000
622.239	1725.000
623.001	1729.000
623.763	1732.000
624.524	1726.000
625.286	1731.000
626.047	1728.000
626.808	1725.000
627.570	1729.000
628.331	1723.000
629.092	1730.000
629.853	1724.000
630.614	1724.000
631.375	1726.000
632.136	1729.000
632.896	1732.000
633.657	1722.000
634.418	1722.000
635.178	1725.000
635.939	1726.000
636.699	1721.000
637.459	1723.000
638.219	1721.000
638.980	1729.000
639.740	1728.000
640.500	1729.000
641.260	1723.000
642.019	1721.000
642.779	1722.000
643.539	1724.000
644.298	1730.000
645.058	1722.000
645.817	1719.000
646.576	1728.000
647.336	1720.000
648.095	1723.000
648.854	1725.000
649.613	1723.000
650.372	1724.000
651.131	1725.000
651.890	1719.000
652.648	1727.000
653.407	1723.000
654.165	1725.000
654.924	1723.000
655.682	1722.000
656.441	1718.000
657.199	1728.000
657.957	1722.000
658.715	1723.000
659.473	1722.000
660.231	1731.000
660.989	1724.000
661.747	1721.000
662.504	1721.000
663.262	1727.000
664.019	1727.000
664.777	1721.000
665.534	1726.000
666.291	1722.000
667.049	1727.000
667.806	1722.000
668.563	1725.000
669.320	1719.000
670.077	1720.000
670.833	1720.000
671.590	1723.000
672.347	1728.000
673.103	1721.000
673.860	1728.000
674.616	1719.000
675.373	1723.000
676.129	1719.000
676.885	1726.000
677.641	1720.000
678.397	1725.000
679.153	1719.000
679.909	1722.000
680.665	1719.000
681.420	1720.000
682.176	1717.000
682.931	1721.000
683.687	1720.000
684.442	1726.000
685.198	1721.000
685.953	1719.000
686.708	1722.000
687.463	1724.000
688.218	1720.000
688.973	1719.000
689.728	1717.000
690.482	1720.000
691.237	1723.000
691.992	1739.000
692.746	1728.000
693.500	1723.000
694.255	1727.000
695.009	1727.000
695.763	1727.000
696.517	1718.000
697.271	1724.000
698.025	1721.000
698.779	1718.000
699.533	1724.000
700.286	1722.000
701.040	1723.000
701.794	1718.000
702.547	1723.000
703.300	1719.000
704.054	1721.000
704.807	1722.000
705.560	1721.000
706.313	1719.000
707.066	1718.000
707.819	1719.000
708.572	1722.000
709.324	1720.000
710.077	1718.000
710.829	1720.000
711.582	1722.000
712.334	1720.000
713.087	1719.000
713.839	1726.000
714.591	1719.000
715.343	1722.000
716.095	1725.000
716.847	1719.000
717.599	1715.000
718.350	1714.000
719.102	1714.000
719.854	1717.000
720.605	1714.000
721.357	1724.000
722.108	1715.000
722.859	1715.000
723.610	1718.000
724.361	1721.000
725.112	1721.000
725.863	1721.000
726.614	1719.000
727.365	1717.000
728.116	1718.000
728.866	1717.000
729.617	1723.000
730.367	1714.000
731.117	1713.000
731.868	1720.000
732.618	1723.000
733.368	1720.000
734.118	1716.000
734.868	1718.000
735.618	1715.000
736.368	1715.000
737.117	1718.000
737.867	1721.000
738.616	1712.000
739.366	1721.000
740.115	1720.000
740.864	1721.000
741.614	1728.000
742.363	1718.000
743.112	1715.000
743.861	1722.000
744.610	1717.000
745.358	1714.000
746.107	1718.000
746.856	1721.000
747.604	1722.000
748.353	1720.000
749.101	1719.000
749.849	1720.000
750.598	1719.000
751.346	1716.000
752.094	1717.000
752.842	1723.000
753.589	1712.000
754.337	1717.000
755.085	1721.000
755.833	1713.000
756.580	1712.000
757.328	1720.000
758.075	1718.000
758.822	1713.000
759.569	1716.000
760.317	1716.000
761.064	1711.000
761.811	1716.000
762.557	1712.000
763.304	1719.000
764.051	1715.000
764.798	1716.000
765.544	1717.000
766.291	1720.000
767.037	1720.000
767.783	1718.000
768.529	1710.000
769.276	1718.000
770.022	1717.000
770.768	1723.000
771.513	1717.000
772.259	1718.000
773.005	1723.000
773.751	1710.000
774.496	1722.000
775.242	1711.000
775.987	1716.000
776.732	1711.000
777.477	1716.000
778.222	1716.000
778.968	1720.000
779.712	1713.000
780.457	1718.000
781.202	1715.000
781.947	1715.000
782.691	1716.000
783.436	1707.000
784.180	1712.000
784.925	1716.000
785.669	1716.000
786.413	1717.000
787.157	1718.000
787.901	1717.000
788.645	1712.000
789.389	1717.000
790.133	1718.000
790.877	1713.000
791.620	1717.000
792.364	1715.000
793.107	1713.000
793.850	1707.000
794.594	1713.000
795.337	1721.000
796.080	1716.000
796.823	1715.000
797.566	1714.000
798.309	1717.000
799.052	1720.000
799.794	1713.000
800.537	1716.000
801.279	1717.000
802.022	1715.000
802.764	1715.000
803.506	1716.000
804.248	1716.000
804.991	1716.000
805.732	1715.000
806.474	1715.000
807.216	1712.000
807.958	1713.000
808.700	1717.000
809.441	1718.000
810.183	1715.000
810.924	1717.000
811.665	1718.000
812.407	1714.000
813.148	1717.000
813.889	1719.000
814.630	1716.000
815.371	1718.000
816.111	1714.000
816.852	1718.000
817.593	1717.000
818.333	1722.000
819.074	1715.000
819.814	1715.000
820.554	1716.000
821.295	1716.000
822.035	1718.000
822.775	1716.000
823.515	1717.000
824.254	1710.000
824.994	1719.000
825.734	1713.000
826.474	1719.000
827.213	1717.000
827.952	1715.000
828.692	1716.000
829.431	1716.000
830.170	1718.000
830.909	1717.000
831.648	1717.000
832.387	1711.000
833.126	1714.000
833.865	1719.000
834.603	1722.000
835.342	1716.000
836.080	1713.000
836.819	1711.000
837.557	1715.000
838.295	1712.000
839.033	1719.000
839.771	1714.000
840.509	1715.000
841.247	1719.000
841.985	1714.000
842.723	1731.000
843.460	1717.000
844.198	1722.000
844.935	1711.000
845.673	1713.000
846.410	1719.000
847.147	1717.000
847.884	1715.000
848.621	1716.000
849.358	1713.000
850.095	1712.000
850.832	1713.000
851.568	1713.000
852.305	1711.000
853.041	1717.000
853.778	1715.000
854.514	1714.000
855.250	1717.000
855.986	1714.000
856.722	1715.000
857.458	1719.000
858.194	1718.000
858.930	1714.000
859.666	1716.000
860.401	1711.000
861.137	1714.000
861.872	1713.000
862.608	1709.000
863.343	1714.000
864.078	1714.000
864.813	1714.000
865.548	1712.000
866.283	1716.000
867.018	1714.000
867.753	1717.000
868.487	1711.000
869.222	1715.000
869.956	1710.000
870.691	1717.000
871.425	1715.000
872.159	1721.000
872.893	1714.000
873.627	1717.000
874.361	1713.000
875.095	1719.000
875.829	1712.000
876.562	1714.000
877.296	1714.000
878.030	1710.000
878.763	1714.000
879.496	1709.000
880.229	1717.000
880.963	1711.000
881.696	1714.000
882.429	1716.000
883.162	1719.000
883.894	1715.000
884.627	1720.000
885.360	1714.000
886.092	1715.000
886.825	1713.000
887.557	1717.000
888.289	1710.000
889.021	1717.000
889.753	1718.000
890.485	1717.000
891.217	1713.000
891.949	1721.000
892.681	1717.000
893.413	1713.000
894.144	1716.000
894.876	1713.000
895.607	1717.000
896.338	1715.000
897.069	1709.000
897.801	1743.000
898.532	1717.000
899.262	1710.000
899.993	1710.000
900.724	1717.000
901.455	1715.000
902.185	1718.000
902.916	1715.000
903.646	1719.000
904.376	1713.000
905.107	1718.000
905.837	1715.000
906.567	1714.000
907.297	1718.000
908.027	1718.000
908.756	1716.000
909.486	1719.000
910.216	1711.000
910.945	1715.000
911.675	1711.000
912.404	1714.000
913.133	1718.000
913.862	1714.000
914.591	1716.000
915.320	1714.000
916.049	1719.000
916.778	1714.000
917.507	1713.000
918.235	1711.000
918.964	1716.000
919.692	1711.000
920.420	1716.000
921.149	1713.000
921.877	1711.000
922.605	1716.000
923.333	1714.000
924.061	1713.000
924.789	1714.000
925.516	1717.000
926.244	1713.000
926.971	1714.000
927.699	1713.000
928.426	1712.000
929.153	1720.000
929.881	1714.000
930.608	1717.000
931.335	1716.000
932.062	1713.000
932.788	1718.000
933.515	1718.000
934.242	1717.000
934.968	1713.000
935.695	1716.000
936.421	1718.000
937.147	1717.000
937.873	1716.000
938.599	1711.000
939.325	1716.000
940.051	1718.000
940.777	1716.000
941.503	1715.000
942.228	1723.000
942.954	1715.000
943.679	1720.000
944.405	1716.000
945.130	1713.000
945.855	1714.000
946.580	1717.000
947.305	1717.000
948.030	1719.000
948.755	1716.000
949.480	1719.000
950.204	1714.000
950.929	1716.000
951.653	1713.000
952.378	1715.000
953.102	1724.000
953.826	1723.000
954.550	1718.000
955.274	1717.000
955.998	1718.000
956.722	1714.000
957.445	1716.000
958.169	1716.000
958.892	1712.000
959.616	1713.000
960.339	1712.000
961.062	1716.000
961.786	1735.000
962.509	1723.000
963.232	1717.000
963.955	1716.000
964.677	1714.000
965.400	1723.000
966.123	1716.000
966.845	1717.000
967.568	1717.000
968.290	1721.000
969.012	1713.000
969.734	1724.000
970.456	1718.000
971.178	1718.000
971.900	1720.000
972.622	1717.000
973.344	1723.000
974.065	1736.000
974.787	1721.000
975.508	1714.000
976.229	1718.000
976.951	1716.000
977.672	1723.000
978.393	1716.000
979.114	1713.000
979.834	1718.000
980.555	1714.000
981.276	1717.000
981.996	1713.000
982.717	1712.000
983.437	1719.000
984.158	1718.000
984.878	1718.000
985.598	1719.000
986.318	1719.000
987.038	1719.000
987.758	1712.000
988.477	1719.000
989.197	1719.000
989.917	1721.000
990.636	1716.000
991.355	1718.000
992.075	1719.000
992.794	1718.000
993.513	1719.000
994.232	1717.000
994.951	1718.000
995.670	1723.000
996.388	1718.000
997.107	1718.000
997.826	1716.000
998.544	1720.000
999.262	1722.000
999.980	1712.000
1000.699	1718.000
1001.417	1713.000
1002.135	1715.000
1002.853	1720.000
1003.570	1720.000
1004.288	1717.000
1005.006	1720.000
1005.723	1719.000
1006.440	1718.000
1007.158	1721.000
1007.875	1716.000
1008.592	1716.000
1009.309	1716.000
1010.026	1721.000
1010.743	1718.000
1011.460	1717.000
1012.176	1714.000
1012.893	1723.000
1013.609	1715.000
1014.326	1719.000
1015.042	1721.000
1015.758	1724.000
1016.474	1717.000
1017.190	1712.000
1017.906	1718.000
1018.622	1725.000
1019.338	1717.000
1020.053	1718.000
1020.769	1715.000
1021.484	1715.000
1022.200	1715.000
1022.915	1720.000
1023.630	1719.000
1024.345	1714.000
1025.060	1721.000
1025.775	1720.000
1026.490	1718.000
1027.204	1717.000
1027.919	1716.000
1028.633	1715.000
1029.348	1715.000
1030.062	1713.000
1030.776	1713.000
1031.490	1719.000
1032.204	1713.000
1032.918	1713.000
1033.632	1711.000
1034.346	1714.000
1035.059	1701.000
1035.773	1705.000
1036.486	1697.000
1037.200	1700.000
